-,-,-
-882, -382, 227
-886, -419, 234
-945, -444, 188
-980, -471, 170
-1116, -465, 131
-1316, -539, 139
-1558, -621, 264
-1666, -614, 527
-1668, -562, 1051
-1521, -466, 1224
-1293, -398, 1229
-996, -338, 1115
-615, -318, 950
-228, -312, 840
138, -240, 390
362, -272, 33
515, -284, -272
515, -284, -272
538, -265, -556
446, -292, -635
249, -247, -667
-58, -140, -776
-473, -157, -755
-905, -317, -541
-1401, -552, -158
-1735, -854, 116
-1972, -1246, 97
-,-,-
-848, -464, 392
-991, -428, 272
-1124, -466, 202
-1246, -589, 328
-1415, -727, 368
-1600, -800, 490
-1665, -776, 652
-1590, -669, 869
-1388, -550, 1054
-1126, -447, 1087
-814, -324, 963
-466, -242, 873
-159, -199, 671
101, -165, 488
101, -165, 488
298, -171, 248
408, -222, 108
453, -169, -64
431, -148, -192
297, -138, -391
-31, -96, -578
-464, -171, -691
-898, -368, -630
-1431, -658, -396
-1909, -1163, -157
-1998, -1469, -168
-1998, -1542, -165
-,-,-
-822, -325, 137
-919, -331, 261
-1026, -460, 427
-1211, -472, 403
-1465, -535, 361
-1663, -666, 587
-1718, -808, 866
-1644, -867, 1046
-1430, -750, 1007
-1047, -543, 1041
-589, -319, 1067
-202, -158, 934
93, 63, 668
253, 49, 424
404, 41, 170
404, 41, 170
424, -189, 26
386, -229, -266
213, -238, -389
-6, -188, -427
-346, -162, -446
-711, -236, -539
-1099, -595, -384
-1534, -1067, -244
-1809, -1223, -281
-1899, -1243, -199
-1883, -1202, -106
-,-,-
-795, -433, 461
-874, -397, 408
-1106, -427, 359
-1328, -551, 463
-1573, -757, 593
-1773, -933, 756
-1823, -965, 832
-1709, -875, 1026
-1413, -725, 1146
-986, -592, 1250
-536, -463, 1128
-136, -343, 848
174, -161, 645
174, -161, 645
470, -60, 437
594, 3, 135
655, -69, -166
646, -42, -346
568, 48, -358
568, 48, -358
422, 122, -254
180, 176, -194
-222, 93, -260
-679, -381, -400
-1324, -1256, -198
-1788, -1519, -234
-1998, -1585, -137
-1998, -1530, -140
-1998, -1431, -68
-1876, -1187, 107
-1555, -919, 353
-,-,-
-917, -441, 277
-1076, -529, 418
-1280, -691, 519
-1455, -716, 437
-1652, -740, 526
-1760, -797, 692
-1726, -913, 907
-1559, -915, 1089
-1280, -811, 1136
-934, -658, 1079
-540, -506, 1032
-108, -233, 927
217, -33, 606
429, -33, 272
587, 24, -80
686, 83, -155
686, 83, -155
748, 184, -375
714, 319, -567
528, 442, -784
187, 234, -713
-326, -272, -376
-1045, -921, -162
-1747, -1466, -25
-1998, -1741, 41
-1998, -1814, 223
-1998, -1568, 286
-,-,-
-923, -522, 282
-1073, -588, 394
-1287, -678, 355
-1572, -765, 294
-1822, -1005, 431
-1987, -1378, 717
-1838, -1408, 783
-1389, -1034, 1060
-785, -537, 1277
-242, -232, 1201
177, -53, 829
288, -39, 507
539, 122, 205
615, 69, 137
600, 56, -61
600, 56, -61
465, 73, -226
316, 62, -241
107, -28, -312
-169, -195, -386
-687, -506, -438
-1166, -802, -643
-1545, -1176, -619
-1858, -1489, -601
-1997, -1625, -554
-1938, -1521, -400
-,-,-
-853, -340, 372
-924, -348, 366
-1128, -360, 379
-1331, -499, 466
-1532, -722, 588
-1630, -912, 724
-1576, -916, 787
-1406, -765, 822
-1161, -544, 934
-904, -364, 922
-627, -275, 907
-375, -198, 758
-123, -94, 660
72, -6, 469
72, -6, 469
195, -7, 397
300, 12, 208
350, -20, -21
350, -20, -21
337, -63, -163
239, -79, -182
75, -55, -259
-153, -196, -381
-482, -553, -520
-879, -904, -445
-1371, -1142, -311
-1724, -1326, -323
-1923, -1532, -292
-1976, -1630, -304
-,-,-
-1005, -407, 249
-1185, -472, 352
-1364, -556, 556
-1522, -708, 502
-1639, -808, 382
-1584, -811, 582
-1350, -679, 861
-1057, -511, 1001
-777, -419, 915
-524, -357, 734
-248, -315, 588
29, -211, 507
293, -109, 462
293, -109, 462
469, 29, 258
498, 1, 80
415, -57, -181
246, -94, -368
-10, -160, -402
-10, -160, -402
-324, -315, -253
-802, -567, -88
-1338, -983, -121
-1756, -1380, -127
-1986, -1535, -159
-1998, -1515, -116
-,-,-
-824, -356, 328
-979, -408, 625
-1256, -471, 680
-1609, -574, 771
-1881, -775, 995
-1862, -1000, 1183
-1576, -1043, 1275
-1063, -779, 1233
-506, -468, 1170
-28, -204, 859
317, -123, 484
544, -58, 195
544, -58, 195
744, -76, -22
729, -99, -183
626, -74, -413
365, -122, -498
61, -135, -520
-342, -258, -422
-905, -506, -341
-1525, -963, -273
-1964, -1520, -119
-1998, -1724, -44
-1998, -1608, 107
-1895, -1323, 230
-,-,-
-1335, -483, 554
-1445, -580, 787
-1445, -580, 830
-1514, -600, 830
-1442, -597, 864
-1262, -568, 976
-979, -429, 1092
-663, -256, 1100
-437, -154, 927
-257, -168, 732
-73, -196, 600
111, -224, 345
254, -212, 77
378, -213, -131
457, -252, -326
435, -192, -672
164, -30, -868
164, -30, -868
-288, -28, -741
-834, -408, -397
-1522, -1069, 78
-1974, -1455, 171
-1998, -1591, 78
-,-,-
-1015, -365, 293
-1150, -410, 330
-1284, -447, 336
-1456, -525, 378
-1578, -642, 538
-1677, -657, 648
-1567, -619, 834
-1292, -504, 1044
-954, -306, 1064
-622, -177, 1032
-336, -92, 885
-336, -92, 885
-91, -13, 747
118, -6, 586
264, -16, 311
289, -105, 0
289, -105, 0
281, -189, -182
252, -158, -344
125, -52, -475
-107, 68, -615
-474, -89, -562
-1016, -600, -420
-1567, -1151, -292
-1948, -1493, -227
-1998, -1506, -191
-,-,-
-999, -342, 212
-1103, -374, 345
-1314, -444, 399
-1540, -536, 294
-1773, -728, 350
-1793, -926, 660
-1613, -969, 937
-1329, -818, 1010
-978, -545, 954
-649, -315, 851
-346, -171, 765
-45, -26, 685
98, -28, 603
268, 62, 394
268, 62, 394
279, -24, 190
297, -107, 29
254, -197, -111
139, -148, -312
-51, -67, -425
-51, -67, -425
-320, -73, -459
-650, -308, -435
-1065, -769, -358
-1493, -1094, -340
-1773, -1155, -262
-1931, -1128, -163
-1955, -1071, 46
-1824, -981, 126
-1824, -981, 126
-,-,-
-1005, -375, 194
-1079, -400, 219
-1301, -489, 390
-1581, -507, 498
-1824, -542, 675
-1847, -570, 832
-1616, -567, 1022
-1255, -573, 1145
-905, -517, 958
-578, -409, 774
-311, -211, 651
-45, -85, 428
40, -109, 247
116, -148, 119
116, -148, 119
113, -171, 122
92, -33, 61
37, 49, 3
-37, 117, -139
-37, 117, -139
-174, 85, -210
-353, -12, -179
-574, -130, -145
-879, -428, -188
-1257, -862, -184
-1613, -1222, -124
-1857, -1367, -135
-1895, -1305, -137
-1801, -1127, -76
-,-,-
-1022, -401, 326
-1114, -383, 297
-1225, -433, 309
-1367, -525, 385
-1476, -581, 347
-1510, -686, 391
-1431, -762, 580
-1262, -709, 718
-1020, -488, 716
-778, -282, 715
-568, -173, 632
-568, -173, 632
-429, -161, 561
-315, -114, 485
-218, -60, 374
-175, -38, 284
-153, -41, 170
-179, -116, 138
-229, -182, 82
-278, -190, -35
-324, -210, -103
-390, -240, -75
-390, -240, -75
-501, -267, -64
-649, -315, -165
-833, -420, -225
-1032, -559, -139
-1267, -755, -72
-1477, -974, -66
-1617, -1139, -83
-1635, -1138, -62
-,-,-
-978, -438, 157
-1024, -415, 97
-1125, -430, 82
-1233, -510, 150
-1316, -622, 248
-1375, -698, 341
-1375, -694, 466
-1302, -566, 635
-1176, -405, 744
-1001, -329, 780
-840, -296, 737
-664, -255, 680
-504, -196, 629
-369, -135, 549
-208, -86, 516
-67, -88, 326
-67, -88, 326
59, -104, 147
51, -75, -60
-50, -70, -105
-137, -60, -32
-246, -152, 90
-246, -152, 90
-476, -236, -82
-749, -380, -152
-996, -583, -267
-1301, -923, -329
-1546, -1109, -500
-1680, -1168, -567
-1720, -1176, -476
-,-,-
-1111, -489, 165
-1234, -539, 201
-1359, -660, 355
-1457, -746, 459
-1457, -746, 459
-1432, -728, 532
-1326, -616, 518
-1177, -491, 576
-1003, -354, 657
-805, -239, 686
-620, -152, 640
-463, -98, 562
-345, -80, 523
-212, 5, 489
-139, -15, 438
-73, 17, 310
-73, 17, 310
-72, -96, 300
-116, -154, 238
-192, -204, 75
-268, -328, -125
-407, -473, -260
-609, -527, -241
-877, -496, -339
-1145, -544, -395
-1328, -674, -366
-1480, -869, -243
-1553, -973, -227
-1562, -948, -305
-1506, -884, -248
-,-,-
-914, -489, 334
-1007, -562, 377
-1072, -495, 170
-1157, -420, 32
-1246, -472, 207
-1325, -599, 397
-1391, -650, 509
-1391, -650, 509
-1360, -616, 596
-1274, -559, 639
-1127, -496, 711
-937, -447, 747
-768, -373, 652
-617, -312, 570
-467, -265, 508
-375, -230, 478
-208, -122, 335
-133, -135, 170
-91, -162, 48
-69, -176, -121
-55, -149, -214
-96, -127, -284
-96, -127, -284
-219, -88, -340
-446, -73, -440
-715, -161, -450
-1026, -536, -330
-1377, -986, -164
-1641, -1182, -219
-1778, -1264, -162
-,-,-
-992, -429, 328
-1075, -465, 350
-1150, -515, 312
-1293, -536, 273
-1410, -608, 393
-1456, -649, 460
-1423, -675, 622
-1282, -564, 712
-1085, -437, 734
-855, -316, 713
-637, -205, 636
-453, -117, 541
-260, -37, 467
-260, -37, 467
-101, -5, 342
-55, -50, 209
-60, -108, 141
-108, -141, 74
-166, -136, 33
-229, -117, -55
-229, -117, -55
-328, -117, -195
-434, -155, -264
-588, -261, -288
-813, -409, -376
-1052, -584, -428
-1285, -786, -462
-1483, -950, -387
-1605, -1080, -263
-,-,-
-993, -380, 163
-1075, -416, 126
-1230, -529, 286
-1378, -610, 382
-1474, -678, 487
-1471, -705, 607
-1403, -651, 703
-1266, -543, 829
-1075, -428, 806
-868, -306, 735
-660, -214, 725
-432, -127, 638
-261, -168, 563
-54, -152, 320
-54, -152, 320
38, -195, 175
70, -220, 59
54, -203, -15
-15, -116, -151
-137, -88, -236
-316, -98, -285
-316, -98, -285
-531, -176, -269
-810, -317, -190
-1108, -459, -279
-1408, -726, -284
-1620, -911, -235
-1694, -994, -266
-1695, -1007, -265
-1598, -926, -74
-,-,-
-1077, -489, 461
-1137, -461, 434
-1238, -450, 393
-1314, -502, 532
-1340, -571, 660
-1276, -588, 802
-1123, -496, 920
-919, -370, 889
-919, -370, 889
-699, -250, 804
-488, -165, 710
-330, -111, 562
-152, -140, 399
-86, -154, 297
-30, -132, 156
-15, -96, 44
-22, -46, -86
-22, -46, -86
-47, -27, -180
-106, -57, -269
-239, -70, -411
-414, -91, -449
-698, -186, -418
-1093, -570, -285
-1500, -966, -81
-1771, -1119, -73
-,-,-
-986, -358, 341
-1058, -386, 329
-1155, -367, 234
-1254, -397, 233
-1315, -468, 313
-1350, -541, 424
-1348, -539, 513
-1241, -466, 616
-1048, -369, 691
-849, -300, 753
-677, -247, 726
-524, -198, 611
-388, -132, 497
-294, -89, 458
-222, -80, 363
-222, -80, 363
-235, -122, 264
-257, -157, 129
-251, -138, -25
-262, -107, -93
-328, -144, -121
-482, -169, -236
-721, -312, -401
-990, -520, -477
-1286, -712, -368
-1532, -807, -255
-1658, -831, -114
-1676, -855, 13
-1592, -829, 74
-,-,-
-1037, -301, 212
-1127, -309, 177
-1256, -422, 310
-1351, -505, 449
-1419, -595, 523
-1422, -650, 558
-1321, -594, 660
-1164, -474, 730
-991, -369, 710
-789, -295, 721
-789, -295, 721
-580, -228, 680
-374, -153, 586
-175, -85, 563
-5, -20, 454
94, -71, 361
160, -119, 220
197, -46, -47
197, -46, -47
53, 77, -370
-219, 99, -618
-552, -47, -640
-979, -527, -464
-1411, -1009, -345
-1684, -1227, -440
-1794, -1293, -300
-1711, -1091, -212
-,-,-
-1061, -390, 108
-1125, -452, 212
-1217, -517, 319
-1290, -504, 389
-1353, -486, 350
-1351, -523, 340
-1290, -567, 467
-1179, -535, 537
-1037, -433, 610
-918, -311, 594
-797, -225, 581
-671, -170, 587
-535, -149, 640
-400, -112, 591
-301, -82, 491
-208, -101, 244
-203, -200, 149
-189, -298, 90
-189, -298, 90
-175, -302, -1
-156, -189, -103
-196, -54, -277
-334, 0, -549
-580, -137, -649
-912, -503, -573
-1257, -854, -446
-1489, -945, -410
-1586, -919, -233
-1591, -859, -45
-1539, -812, 61
-,-,-
-1366, -377, 282
-1366, -377, 282
-1537, -536, 489
-1592, -636, 507
-1510, -712, 616
-1294, -616, 790
-1031, -439, 891
-773, -307, 881
-555, -223, 778
-371, -120, 671
-251, -88, 645
-99, -13, 491
-5, 0, 441
-5, 0, 441
28, 5, 299
-12, -34, 167
-119, -65, -54
-119, -65, -54
-236, -152, -203
-360, -245, -320
-496, -249, -379
-675, -237, -416
-928, -352, -336
-1139, -557, -382
-1371, -824, -234
-1521, -889, -139
-1611, -856, -114
-1634, -810, -50
-1583, -767, 10
-,-,-
-1188, -441, 197
-1272, -521, 292
-1376, -549, 269
-1413, -577, 309
-1384, -584, 413
-1305, -561, 531
-1183, -494, 638
-1035, -398, 673
-876, -304, 657
-716, -235, 606
-570, -212, 599
-418, -166, 583
-328, -145, 433
-222, -112, 280
-175, -179, 251
-175, -179, 251
-163, -199, 141
-193, -185, -9
-239, -120, -192
-297, -91, -307
-383, -98, -401
-522, -169, -353
-673, -161, -315
-869, -216, -296
-1101, -408, -200
-1365, -689, -28
-1543, -866, -20
-1649, -1022, 74
-,-,-
-1042, -372, 352
-1090, -364, 290
-1132, -412, 353
-1172, -442, 382
-1174, -493, 395
-1146, -507, 419
-1108, -472, 446
-1057, -439, 582
-1007, -416, 681
-937, -357, 659
-858, -313, 631
-858, -313, 631
-763, -265, 622
-656, -220, 631
-535, -172, 652
-429, -80, 632
-304, 19, 435
-232, 18, 322
-190, -24, 192
-212, -101, 18
-212, -101, 18
-273, -192, -138
-357, -256, -276
-468, -321, -371
-627, -393, -390
-810, -446, -384
-1044, -564, -296
-1297, -688, -234
-1509, -837, -111
-1651, -980, 11
-,-,-
-982, -389, 341
-1010, -370, 255
-1126, -382, 254
-1231, -437, 314
-1295, -510, 423
-1341, -577, 576
-1323, -579, 693
-1254, -545, 704
-1131, -461, 684
-964, -384, 676
-776, -304, 658
-602, -227, 609
-473, -157, 571
-285, -69, 357
-285, -69, 357
-214, -69, 222
-149, -112, 93
-73, -159, 27
-37, -139, -84
-107, -88, -238
-241, -72, -291
-411, -42, -173
-625, -101, -79
-625, -101, -79
-913, -252, -2
-1203, -474, -23
-1454, -774, -8
-,-,-
-1074, -394, 355
-1129, -389, 292
-1218, -442, 306
-1279, -475, 437
-1305, -555, 611
-1265, -586, 723
-1163, -495, 755
-1039, -390, 725
-886, -316, 691
-732, -289, 667
-594, -268, 582
-594, -268, 582
-462, -201, 434
-369, -161, 366
-235, -118, 251
-177, -176, 253
-135, -203, 93
-128, -192, -70
-205, -87, -225
-361, -21, -265
-560, 5, -286
-799, -40, -257
-799, -40, -257
-1070, -204, -135
-1374, -543, 36
-1627, -846, 66
-,-,-
-966, -418, 191
-1036, -405, 236
-1155, -382, 139
-1299, -354, 92
-1451, -521, 313
-1504, -755, 560
-1486, -767, 515
-1342, -633, 509
-1123, -466, 595
-944, -369, 579
-794, -333, 548
-659, -314, 532
-533, -255, 487
-484, -223, 483
-312, -111, 449
-312, -111, 449
-264, -113, 346
-211, -56, 172
-231, -43, 16
-257, -36, -92
-310, -52, -106
-391, -61, -159
-502, -90, -162
-632, -116, -258
-779, -152, -390
-1005, -332, -350
-1253, -596, -245
-1460, -819, -237
-1565, -911, -308
-1588, -945, -326
-1529, -884, -242
-1398, -726, -125
-1246, -552, -49
-1100, -426, -31
-,-,-
-1367, -538, 416
-1390, -540, 512
-1319, -509, 487
-1220, -474, 489
-1090, -440, 532
-940, -420, 635
-782, -351, 632
-624, -270, 578
-624, -270, 578
-456, -168, 551
-275, -75, 388
-200, -96, 334
-138, -73, 203
-118, -17, 24
-135, 15, -69
-188, 25, -121
-188, 25, -121
-270, 40, -185
-411, 12, -304
-616, -127, -440
-880, -437, -236
-1142, -664, -203
-1401, -829, -208
-1528, -881, -189
-1545, -905, -129
-,-,-
-1058, -485, 269
-1173, -501, 378
-1299, -460, 221
-1452, -478, 105
-1452, -478, 105
-1552, -567, 191
-1548, -646, 419
-1448, -643, 537
-1252, -577, 512
-982, -485, 543
-720, -380, 599
-539, -294, 590
-399, -212, 518
-270, -182, 460
-175, -173, 379
-154, -187, 143
-209, -213, 54
-252, -125, -50
-270, -61, -85
-303, -17, -162
-303, -17, -162
-407, 46, -262
-545, -12, -375
-738, -225, -483
-984, -503, -597
-1264, -787, -662
-1446, -869, -704
-1474, -806, -528
-1427, -698, -284
-1340, -604, -123
-1255, -572, -87
-,-,-
-1198, -453, 197
-1421, -639, 254
-1596, -906, 135
-1679, -1038, -51
-1533, -882, 148
-1302, -549, 359
-1072, -311, 468
-881, -214, 527
-881, -214, 527
-698, -176, 508
-480, -144, 608
-221, -16, 668
26, 14, 603
99, -82, 467
87, -164, 195
87, -164, 195
-14, -210, -19
-125, -197, -171
-243, -157, -262
-425, -111, -380
-690, -151, -492
-881, -260, -595
-1139, -582, -575
-1369, -788, -601
-1478, -862, -521
-1456, -772, -400
-1380, -642, -155
-1280, -533, -45
-1196, -475, -35
-1135, -493, -44
-1081, -531, -68
-,-,-
-1167, -548, 138
-1291, -660, 244
-1392, -736, 226
-1488, -805, 158
-1508, -837, 260
-1433, -836, 504
-1268, -725, 688
-1065, -587, 784
-826, -466, 820
-573, -343, 778
-573, -343, 778
-341, -185, 647
-39, 44, 534
59, 90, 327
232, 177, 113
271, 156, -39
271, 156, -39
287, 226, -186
196, 322, -370
-65, 296, -484
-451, -148, -382
-916, -784, -282
-1354, -1251, -323
-1663, -1400, -520
-1740, -1282, -415
-1693, -1049, -253
-1587, -889, -103
-,-,-
-994, -333, -40
-1015, -409, 180
-1090, -554, 363
-1194, -513, 203
-1310, -529, 108
-1399, -572, 215
-1443, -604, 415
-1452, -607, 545
-1343, -558, 535
-1190, -596, 560
-952, -590, 658
-657, -460, 817
-364, -314, 769
-364, -314, 769
-162, -230, 577
-35, -182, 355
31, -151, 197
153, -35, -83
148, -6, -311
29, 95, -560
29, 95, -560
-151, 139, -664
-443, 12, -629
-840, -381, -588
-1263, -831, -465
-1576, -1134, -459
-1715, -1241, -407
-1685, -1155, -284
-,-,-
-1107, -397, 257
-1107, -397, 257
-1218, -386, 239
-1305, -407, 232
-1379, -511, 320
-1370, -599, 443
-1292, -607, 564
-1152, -511, 627
-984, -428, 709
-863, -341, 682
-686, -332, 659
-464, -299, 624
-231, -210, 467
0, -92, 329
219, 3, 183
219, 3, 183
208, 63, 28
67, 123, -299
-162, 114, -476
-162, 114, -476
-394, 9, -468
-683, -265, -408
-1086, -692, -438
-1439, -990, -682
-1642, -1129, -648
-1660, -1068, -428
-,-,-
-1170, -502, 293
-1243, -565, 374
-1401, -541, 341
-1514, -593, 498
-1492, -676, 708
-1366, -706, 751
-1138, -665, 728
-873, -523, 712
-590, -291, 677
-365, -109, 615
-180, -29, 554
-79, -31, 552
-79, -31, 552
45, 21, 323
44, -33, 187
62, -70, 50
62, -70, 50
-19, -109, -136
-128, -84, -312
-351, -62, -468
-687, -269, -621
-1088, -657, -554
-1466, -1003, -476
-1667, -1121, -435
-1702, -1051, -314
-1591, -891, -217
-1416, -711, -68
-1282, -545, -86
-,-,-
-1023, -426, 281
-1106, -465, 247
-1199, -498, 206
-1300, -527, 234
-1371, -552, 411
-1405, -571, 665
-1388, -524, 808
-1266, -475, 876
-1076, -430, 815
-840, -368, 729
-597, -326, 686
-597, -326, 686
-377, -273, 608
-146, -118, 452
67, -6, 187
172, -7, 8
225, -52, -159
225, -52, -159
285, -2, -206
199, 160, -132
-17, 367, -227
-361, 266, -371
-907, -456, -344
-1452, -1262, -371
-1863, -1748, -500
-,-,-
-944, -368, 166
-1016, -351, 157
-1132, -404, 120
-1267, -488, 134
-1394, -640, 233
-1472, -725, 263
-1476, -734, 397
-1400, -648, 578
-1241, -473, 660
-1054, -345, 701
-841, -326, 759
-841, -326, 759
-575, -286, 776
-248, -138, 729
71, 109, 629
288, 315, 431
356, 300, 121
264, 167, -199
55, 39, -482
55, 39, -482
-200, -106, -580
-598, -401, -507
-1045, -740, -430
-1397, -905, -512
-1624, -1076, -510
-1704, -1105, -275
-1624, -949, -106
-,-,-
-1040, -373, 110
-1092, -523, 260
-1159, -515, 243
-1266, -530, 197
-1337, -539, 245
-1391, -572, 343
-1383, -623, 571
-1287, -614, 724
-1118, -489, 639
-916, -353, 595
-704, -230, 527
-502, -163, 542
-344, -150, 523
-195, -41, 366
-76, 65, 196
-76, 65, 196
23, 127, -42
20, 51, -62
-61, -53, -82
-226, -119, -297
-226, -119, -297
-459, -252, -446
-752, -437, -414
-1031, -616, -366
-1280, -790, -367
-1464, -949, -280
-1555, -1063, -155
-,-,-
-1004, -333, 185
-1107, -347, 117
-1289, -399, 163
-1427, -551, 385
-1502, -663, 495
-1483, -693, 382
-1350, -644, 388
-1166, -541, 518
-963, -406, 573
-781, -333, 596
-606, -291, 600
-431, -195, 564
-255, -38, 461
-150, 35, 381
-150, 35, 381
-30, -5, 81
-51, -161, -79
-92, -213, -187
-140, -135, -290
-232, -52, -321
-406, -45, -340
-667, -193, -405
-991, -554, -353
-1286, -819, -307
-1479, -892, -264
-1578, -881, -178
-1602, -903, -125
-,-,-
-1086, -297, 81
-1157, -342, 206
-1272, -365, 284
-1431, -373, 275
-1560, -448, 306
-1596, -579, 511
-1502, -659, 744
-1315, -613, 859
-1064, -446, 804
-790, -263, 708
-523, -82, 602
-238, 111, 581
-39, 155, 477
-39, 155, 477
84, 73, 336
213, 66, 114
295, 113, -74
281, 153, -242
281, 153, -242
148, 130, -409
-115, -101, -437
-609, -524, -517
-1105, -828, -520
-1434, -870, -673
-1728, -999, -503
-1904, -1055, -388
-1924, -1046, -327
-,-,-
-1417, -660, 243
-1560, -827, 341
-1654, -890, 286
-1587, -805, 486
-1396, -636, 705
-1132, -402, 791
-820, -196, 820
-499, -64, 831
-256, 0, 749
-256, 0, 749
-39, 74, 650
64, 29, 566
215, 21, 276
215, 21, 276
327, -61, 36
296, -58, -114
92, 49, -276
92, 49, -276
-237, 47, -488
-704, -376, -593
-1176, -888, -710
-1549, -1140, -819
-1797, -1163, -754
-1845, -1030, -638
-,-,-
-1239, -428, 380
-1389, -585, 184
-1478, -779, 147
-1404, -823, 355
-1255, -690, 514
-1069, -472, 542
-872, -346, 673
-872, -346, 673
-684, -322, 698
-513, -331, 655
-342, -252, 562
-171, -23, 405
-29, 81, 301
36, 103, 104
8, 105, -87
8, 105, -87
-46, 119, -258
-141, 69, -369
-375, -152, -395
-768, -485, -482
-1188, -841, -501
-1539, -1111, -346
-1744, -1209, -144
-1755, -1100, -91
-,-,-
-1214, -428, 263
-1293, -446, 300
-1393, -527, 368
-1410, -572, 418
-1340, -561, 443
-1213, -501, 528
-1033, -421, 601
-831, -348, 596
-630, -272, 575
-441, -183, 534
-220, -63, 484
-220, -63, 484
-53, -10, 483
46, 10, 370
93, -65, 237
71, -80, 44
71, -80, 44
-32, 81, -64
-279, 243, -244
-590, 187, -445
-967, -390, -499
-1371, -1045, -488
-1604, -1169, -456
-1682, -1068, -157
-1607, -884, -61
-,-,-
-1190, -513, 360
-1240, -393, 145
-1343, -393, 146
-1409, -526, 351
-1394, -678, 522
-1312, -670, 474
-1169, -573, 419
-989, -437, 519
-791, -301, 582
-586, -182, 540
-381, -35, 495
-234, 44, 479
-234, 44, 479
-125, 46, 424
-3, 97, 486
64, 121, 368
64, 121, 368
71, 58, 156
4, -24, -91
-204, -160, -414
-539, -388, -519
-957, -643, -377
-1347, -806, -374
-1649, -982, -355
-1827, -1150, -352
-,-,-
-1218, -414, 152
-1361, -505, 277
-1519, -569, 395
-1591, -651, 572
-1527, -745, 606
-1318, -697, 571
-1028, -538, 522
-713, -349, 470
-462, -232, 450
-286, -151, 457
-157, -151, 484
-157, -109, 484
-87, -36, 461
12, 68, 281
-4, 91, 159
-73, 111, 19
-73, 111, 19
-182, 120, -145
-352, 2, -324
-588, -251, -533
-888, -527, -661
-1162, -669, -763
-1446, -833, -709
-1616, -944, -536
-1661, -965, -360
-,-,-
-1168, -330, 75
-1247, -394, 210
-1339, -429, 276
-1401, -434, 259
-1414, -443, 337
-1406, -474, 526
-1301, -468, 678
-1110, -432, 722
-871, -353, 636
-588, -261, 491
-321, -182, 384
-321, -182, 384
-55, -150, 272
102, -237, 159
219, -210, -139
176, -30, -444
36, 142, -288
-158, 240, -39
-403, 236, -25
-701, 27, -61
-701, 27, -61
-1073, -419, -112
-1442, -929, -285
-1665, -1143, -579
-,-,-
-969, -322, 212
-1032, -308, 232
-1090, -331, 112
-1202, -330, 124
-1321, -420, 242
-1401, -540, 389
-1384, -576, 474
-1288, -526, 538
-1148, -457, 618
-954, -366, 683
-736, -266, 713
-559, -229, 658
-443, -185, 500
-328, -105, 353
-205, -17, 235
-205, -17, 235
-78, 22, 69
-64, 12, -79
-120, -25, -296
-223, -114, -440
-378, -223, -493
-636, -353, -430
-984, -532, -377
-1326, -760, -354
-1574, -959, -323
-1673, -1013, -249
-,-,-
-1062, -331, 156
-1156, -394, 133
-1245, -427, 217
-1298, -446, 351
-1336, -449, 358
-1323, -490, 387
-1239, -445, 461
-1109, -402, 530
-980, -408, 548
-833, -400, 505
-687, -365, 441
-687, -365, 441
-504, -278, 445
-314, -160, 430
-135, -50, 304
-17, -38, 155
54, -70, 8
-7, -94, -159
-7, -94, -159
-170, 21, -417
-436, 35, -539
-787, -150, -550
-1248, -624, -475
-1605, -988, -439
-1743, -1104, -481
-,-,-
-1026, -394, 178
-1087, -408, 158
-1194, -430, 150
-1310, -499, 253
-1404, -525, 301
-1442, -572, 447
-1402, -545, 466
-1271, -494, 485
-1088, -465, 517
-865, -397, 547
-652, -307, 599
-652, -307, 599
-415, -199, 582
-184, -6, 479
14, 113, 212
61, 77, 131
50, 62, -86
50, 62, -86
-52, 74, -283
-187, 119, -406
-389, 49, -424
-698, -198, -360
-1036, -583, -353
-1307, -875, -430
-1498, -999, -419
-1586, -962, -401
-1579, -830, -383
-1518, -700, -315
-1434, -648, -259
-,-,-
-1065, -476, 219
-1151, -563, 215
-1316, -731, 246
-1459, -852, 305
-1486, -888, 376
-1418, -797, 584
-1335, -615, 668
-1250, -552, 738
-1125, -521, 648
-900, -501, 682
-617, -404, 846
-301, -124, 737
0, 111, 598
0, 111, 598
262, 168, 441
478, 90, 231
644, 161, -163
579, 183, -325
579, 183, -325
352, 202, -389
-191, -68, -524
-941, -794, -574
-1656, -1506, -679
-,-,-
-876, -298, 221
-954, -335, 273
-1089, -368, 229
-1249, -398, 142
-1415, -508, 216
-1533, -661, 436
-1528, -744, 711
-1386, -594, 819
-1179, -381, 800
-957, -253, 781
-957, -253, 781
-674, -203, 777
-392, -140, 778
-180, -108, 724
21, -34, 615
292, 13, 352
383, -1, 101
383, -1, 101
291, -2, -225
-49, 29, -639
-582, -103, -971
-1198, -551, -975
-1655, -944, -772
-,-,-
-933, -165, 39
-1039, -189, 92
-1147, -379, 383
-1259, -539, 465
-1450, -604, 367
-1576, -670, 475
-1581, -701, 617
-1472, -631, 718
-1267, -524, 791
-1013, -345, 727
-750, -154, 670
-487, -24, 581
-187, 119, 490
22, 88, 349
22, 88, 349
175, 95, -52
223, 40, -146
197, 7, -139
197, 7, -139
165, -5, -128
21, -50, -179
-186, -104, -407
-561, -235, -549
-1053, -594, -492
-1551, -1074, -403
-1923, -1349, -354
-,-,-
-1120, -416, 303
-1192, -423, 234
-1217, -474, 288
-1216, -513, 365
-1190, -517, 455
-1125, -453, 519
-1040, -356, 544
-932, -297, 642
-837, -224, 699
-704, -156, 608
-556, -133, 555
-423, -90, 520
-275, -15, 505
-162, -5, 368
-122, -115, 333
-122, -115, 333
-74, -108, -11
-46, -35, -483
-197, 51, -872
-568, -94, -869
-1044, -545, -687
-1451, -1063, -523
-1682, -1262, -511
-1683, -1049, -392
-1512, -695, -187
-,-,-
-1007, -314, 236
-1097, -394, 250
-1176, -437, 198
-1259, -490, 193
-1298, -584, 364
-1323, -674, 561
-1269, -596, 564
-1122, -477, 530
-940, -383, 468
-940, -383, 468
-762, -314, 521
-586, -251, 565
-427, -149, 472
-295, -38, 284
-190, 29, 130
-163, 16, 44
-171, 32, -109
-171, 32, -109
-283, 6, -282
-423, -45, -404
-598, -120, -538
-857, -318, -535
-1118, -562, -571
-1298, -773, -639
-1379, -862, -619
-1404, -863, -542
-1369, -794, -475
-,-,-
-1073, -445, 236
-1184, -508, 219
-1325, -563, 33
-1457, -642, -37
-1502, -769, 172
-1458, -822, 361
-1347, -803, 530
-1179, -670, 652
-921, -471, 768
-921, -471, 768
-673, -306, 846
-439, -182, 847
-193, -40, 777
-8, -18, 721
138, -19, 590
206, -33, 312
204, -61, 189
204, -61, 189
93, 9, -51
-133, 136, -451
-357, 147, -700
-715, -162, -741
-1168, -816, -794
-1532, -1289, -1144
-1731, -1423, -1266
-1681, -1268, -881
-,-,-
-987, -364, 204
-987, -364, 204
-1087, -412, 240
-1113, -446, 191
-1197, -517, 227
-1227, -553, 298
-1223, -585, 376
-1203, -559, 469
-1145, -463, 451
-1052, -369, 476
-924, -298, 523
-781, -288, 547
-667, -273, 472
-559, -219, 327
-446, -155, 232
-322, -108, 167
-203, -77, 104
-150, -35, 35
-150, -35, 35
-189, -16, -122
-265, -15, -243
-445, -114, -343
-747, -398, -371
-1060, -758, -306
-1316, -973, -356
-1480, -1068, -414
-1532, -1036, -359
-,-,-
-1043, -421, 167
-1105, -420, 155
-1206, -440, 202
-1314, -523, 278
-1357, -604, 360
-1343, -624, 486
-1290, -582, 552
-1142, -490, 619
-957, -384, 649
-750, -238, 547
-523, -104, 514
-523, -104, 514
-287, 21, 452
-99, 70, 273
-11, 48, 95
-40, -59, 20
-40, -59, 20
-85, -124, -90
-202, -183, -261
-433, -153, -486
-745, -179, -725
-1072, -415, -808
-1329, -777, -653
-1458, -1022, -393
-1477, -1073, -241
-,-,-
-1067, -444, 170
-1148, -504, 178
-1240, -492, 50
-1358, -492, 80
-1406, -555, 305
-1404, -606, 467
-1339, -579, 636
-1209, -457, 724
-1037, -319, 736
-837, -223, 774
-837, -223, 774
-606, -201, 697
-327, -198, 615
-113, -164, 529
16, -153, 422
155, -123, 140
126, -128, -137
5, -85, -503
-244, -45, -780
-244, -45, -780
-516, -129, -866
-809, -262, -852
-1151, -619, -650
-1424, -942, -490
-1545, -1042, -428
-,-,-
-934, -341, 210
-934, -341, 210
-1035, -372, 171
-1094, -428, 238
-1213, -466, 264
-1322, -481, 270
-1419, -546, 370
-1429, -610, 563
-1357, -607, 642
-1203, -512, 631
-955, -379, 677
-711, -262, 704
-475, -169, 691
-244, -104, 588
-65, -68, 446
43, -43, 221
43, -43, 221
122, -23, 145
135, 35, -93
20, 49, -448
-279, -24, -707
-279, -24, -707
-659, -360, -654
-1057, -792, -544
-1350, -984, -515
-1524, -948, -500
-1574, -859, -415
-1455, -733, -301
-,-,-
-1001, -383, 213
-1113, -427, 219
-1232, -469, 223
-1368, -512, 172
-1445, -623, 254
-1463, -691, 411
-1438, -653, 421
-1438, -653, 421
-1328, -555, 533
-1148, -415, 645
-876, -242, 701
-467, -86, 852
-242, 27, 801
-76, 142, 630
47, 62, 493
157, -109, 242
157, -109, 242
188, -234, -82
96, -149, -478
-114, -104, -584
-400, -202, -538
-792, -515, -436
-1194, -864, -410
-1494, -998, -424
-1633, -960, -356
-1662, -862, -266
-,-,-
-999, -251, 239
-1080, -310, 346
-1187, -387, 413
-1291, -439, 304
-1364, -539, 380
-1386, -606, 547
-1322, -585, 719
-1189, -466, 618
-976, -367, 579
-722, -266, 589
-722, -266, 589
-483, -164, 523
-236, -51, 459
-62, -50, 307
41, 1, -30
66, -34, -124
66, -34, -165
16, 30, -165
-140, 89, -295
-384, 61, -359
-758, -190, -395
-1184, -665, -324
-1535, -1049, -405
-1736, -1224, -507
-1736, -1159, -448
-,-,-
-1037, -405, 158
-1102, -433, 120
-1179, -446, 175
-1267, -431, 229
-1302, -462, 357
-1313, -523, 443
-1293, -472, 484
-1219, -395, 533
-1122, -333, 558
-1017, -268, 511
-891, -216, 517
-760, -175, 548
-625, -128, 496
-450, -120, 458
-300, -172, 237
-127, -241, 101
-15, -258, -56
59, -135, -220
59, -135, -220
56, 70, -410
-46, 194, -596
-300, 140, -614
-667, -149, -534
-1162, -642, -287
-1633, -1066, -47
-1929, -1199, -33
-,-,-
-1088, -285, 108
-1147, -360, 277
-1247, -439, 371
-1364, -518, 380
-1439, -621, 408
-1430, -646, 438
-1347, -624, 583
-1170, -521, 652
-939, -348, 530
-702, -202, 430
-459, -100, 450
-233, -32, 488
-68, 56, 281
49, 96, 221
49, 96, 221
91, 92, 130
28, 132, -27
28, 132, -27
-158, 95, -290
-422, -49, -527
-781, -365, -558
-1219, -815, -488
-1550, -1083, -546
-,-,-
-1053, -337, 160
-1131, -327, 79
-1252, -427, 188
-1366, -578, 332
-1419, -675, 439
-1361, -612, 527
-1221, -463, 675
-993, -296, 748
-993, -296, 748
-751, -187, 720
-497, -120, 585
-221, -57, 490
-8, -29, 367
112, 34, 144
134, 52, -11
134, 52, -11
-15, 76, -288
-284, 15, -503
-585, -202, -552
-927, -561, -464
-1272, -930, -366
-1511, -1065, -348
-,-,-
-1004, -299, 149
-993, -379, 253
-1065, -420, 280
-1201, -427, 194
-1311, -448, 302
-1388, -546, 503
-1401, -576, 671
-1294, -505, 691
-1113, -355, 572
-862, -250, 551
-580, -179, 647
-291, -137, 651
-83, -60, 419
-83, -60, 419
35, -1, 260
38, 15, 2
-45, 0, -158
-45, 0, -158
-194, -34, -277
-433, -116, -396
-720, -241, -441
-1064, -573, -385
-1404, -927, -362
-,-,-
-1106, -392, 146
-1246, -468, 133
-1246, -468, 215
-1369, -573, 215
-1418, -735, 402
-1411, -778, 401
-1327, -724, 475
-1176, -588, 614
-967, -361, 634
-719, -135, 623
-444, 20, 592
-209, 45, 546
-63, 37, 427
14, 42, 297
14, 42, 297
94, 54, 81
25, 44, -131
25, 44, -131
-168, -26, -352
-412, -214, -474
-754, -535, -525
-1123, -803, -554
-,-,-
-1119, -419, 196
-1275, -540, 271
-1430, -710, 459
-1494, -718, 519
-1383, -616, 577
-1158, -466, 672
-890, -312, 720
-684, -198, 660
-457, -98, 598
-233, -40, 583
-84, -31, 412
56, -21, 302
56, -21, 302
120, -25, 216
79, 70, -56
-104, 27, -334
-104, 27, -334
-395, -199, -445
-833, -626, -482
-1274, -979, -781
-1552, -1073, -1094
-,-,-
-1139, -417, 180
-1235, -441, 288
-1280, -522, 422
-1322, -598, 454
-1277, -598, 470
-1172, -495, 537
-1000, -328, 685
-799, -183, 663
-616, -111, 599
-616, -111, 599
-450, -85, 545
-314, -81, 377
-193, -62, 242
-74, -47, 116
-41, -74, 36
-97, -96, -149
-97, -96, -149
-273, -92, -409
-512, -115, -559
-802, -303, -643
-1119, -649, -687
-1330, -922, -688
-1457, -1021, -603
-1500, -969, -410
-1466, -800, -237
-1415, -699, -135
-,-,-
-964, -368, 246
-957, -342, 276
-1030, -335, 306
-1176, -459, 482
-1354, -681, 461
-1488, -868, 525
-1495, -833, 630
-1334, -606, 673
-1087, -388, 682
-792, -274, 632
-482, -171, 530
-163, -26, 499
-163, -26, 499
128, 173, 473
355, 222, 50
366, 1, -259
278, -32, -447
19, -8, -498
19, -8, -498
-349, -59, -573
-823, -502, -570
-1297, -1116, -491
-1628, -1344, -554
-,-,-
-1003, -368, 215
-1082, -357, 206
-1207, -389, 187
-1362, -490, 244
-1458, -620, 406
-1443, -692, 563
-1332, -603, 617
-1136, -462, 640
-874, -315, 677
-589, -176, 694
-298, -71, 729
-100, -19, 659
-2, -22, 467
-2, -22, 467
55, -14, 149
65, -8, -143
-46, -20, -385
-280, -133, -563
-626, -396, -538
-1052, -779, -453
-1356, -960, -524
-1531, -1011, -575
-,-,-
-928, -330, 203
-928, -330, 203
-1057, -407, 241
-1135, -479, 279
-1260, -589, 324
-1396, -699, 386
-1440, -708, 475
-1341, -647, 659
-1128, -486, 686
-841, -365, 732
-533, -225, 669
-268, -52, 472
-90, 51, 318
-7, 55, 97
-7, 55, 97
35, -20, 0
28, -110, -124
-87, -90, -247
-87, -90, -247
-320, -103, -345
-666, -308, -461
-1056, -715, -484
-1384, -1050, -602
-,-,-
-1182, -366, 115
-1242, -426, 304
-1326, -475, 477
-1378, -442, 517
-1362, -414, 619
-1251, -460, 776
-1066, -475, 835
-830, -419, 705
-579, -295, 548
-330, -202, 502
-132, -144, 489
-132, -144, 489
-5, -140, 393
83, -78, 223
17, -14, 25
-89, 56, -112
-244, 104, -326
-244, 104, -326
-455, 27, -559
-801, -238, -679
-1230, -686, -614
-1564, -1001, -551
-1733, -1206, -405
-,-,-
-1080, -354, 182
-1168, -394, 164
-1271, -448, 155
-1348, -483, 249
-1412, -570, 444
-1387, -683, 569
-1281, -736, 568
-1068, -674, 631
-818, -477, 523
-515, -212, 431
-249, -47, 460
-49, -8, 381
66, -1, 182
66, -1, 182
134, 20, 51
144, 89, 24
144, 89, 24
12, 224, -159
-244, 197, -288
-634, -86, -365
-1073, -666, -319
-1423, -1164, -365
-1624, -1279, -626
-1661, -1146, -817
-1586, -950, -784
-1437, -754, -602
-,-,-
-979, -275, 179
-1021, -346, 385
-1070, -436, 369
-1190, -453, 262
-1263, -459, 256
-1263, -459, 256
-1308, -493, 352
-1341, -529, 486
-1266, -455, 551
-1138, -333, 565
-962, -260, 639
-742, -216, 699
-528, -129, 573
-353, -88, 348
-211, -84, 115
-130, -101, -33
-75, -133, -116
-74, -145, -219
-201, -44, -370
-444, 6, -498
-444, 6, -498
-772, -119, -486
-1231, -553, -259
-1578, -957, -119
-1737, -1084, -184
-,-,-
-1027, -320, 105
-1057, -312, 44
-1147, -375, 194
-1279, -492, 313
-1393, -500, 247
-1427, -508, 349
-1385, -490, 526
-1244, -442, 698
-1005, -332, 766
-730, -188, 660
-477, -83, 541
-241, 5, 442
-54, 81, 282
-54, 81, 282
11, 28, 43
32, -24, -150
-90, -55, -397
-90, -55, -397
-312, -71, -683
-638, -147, -665
-1019, -383, -400
-1343, -666, -259
-,-,-
-1120, -344, 54
-1221, -433, 196
-1383, -513, 253
-1546, -561, 271
-1562, -632, 477
-1413, -631, 782
-1121, -467, 844
-784, -255, 838
-459, -66, 762
-170, 90, 708
45, 89, 512
45, 89, 512
174, 12, 197
202, -57, -119
124, -11, -294
-71, 19, -473
-71, 19, -473
-395, -64, -628
-881, -554, -759
-1350, -937, -890
-1623, -986, -896
-1724, -909, -583
-1695, -831, -340
-1570, -701, -304
-1397, -632, -302
-,-,-
-1054, -374, 261
-1197, -403, 261
-1350, -537, 277
-1506, -653, 333
-1546, -707, 394
-1467, -636, 463
-1268, -450, 478
-1008, -281, 432
-714, -186, 551
-447, -143, 560
-447, -143, 560
-221, -90, 417
-84, 22, 275
6, 48, 233
35, -49, 139
35, -49, 139
-40, -119, -76
-193, -32, -308
-443, 38, -371
-787, -69, -449
-1224, -556, -475
-1556, -979, -579
-1701, -1037, -647
-1680, -957, -465
-,-,-
-1174, -384, 85
-1257, -441, 38
-1411, -556, 137
-1503, -680, 400
-1484, -702, 555
-1357, -617, 598
-1110, -489, 606
-806, -396, 655
-487, -238, 591
-172, -119, 541
47, -13, 402
47, -13, 402
158, 119, 154
183, -2, 72
175, -27, -135
175, -27, -135
-2, -41, -404
-273, -41, -671
-621, -198, -782
-1069, -625, -698
-1439, -946, -618
-1671, -1114, -575
-1790, -1151, -499
-,-,-
-976, -317, 151
-977, -334, 272
-1012, -353, 318
-1053, -360, 276
-1157, -390, 236
-1286, -451, 321
-1411, -551, 460
-1520, -625, 608
-1485, -561, 842
-1249, -481, 948
-903, -349, 913
-553, -173, 797
-225, -16, 568
-2, 38, 290
153, 38, 56
153, 38, 56
167, -109, -134
171, -120, -349
21, -126, -469
-260, -58, -569
-638, -155, -506
-1090, -493, -415
-1475, -862, -435
-1702, -1006, -481
-1747, -919, -408
-1684, -766, -252
-1558, -691, -129
-1409, -607, -171
-,-,-
-1195, -493, 319
-1190, -535, 524
-1156, -517, 512
-1110, -386, 422
-1021, -301, 498
-881, -253, 556
-738, -226, 561
-596, -149, 495
-483, -66, 431
-483, -66, 431
-407, -54, 382
-342, -91, 353
-291, -103, 275
-279, -45, 80
-319, -15, -126
-452, -66, -258
-607, -181, -271
-833, -325, -356
-1100, -555, -466
-1323, -729, -558
-1460, -814, -479
-1480, -789, -316
-1434, -670, -212
-1344, -495, -133
-,-,-
-1043, -391, 130
-1157, -484, 175
-1265, -544, 222
-1361, -574, 337
-1361, -574, 337
-1336, -600, 478
-1228, -520, 496
-1042, -387, 473
-866, -303, 475
-708, -274, 514
-524, -228, 474
-326, -106, 387
-159, 9, 301
-78, 62, 156
-60, 35, 91
-60, 35, 91
-125, -11, -13
-286, 38, -285
-557, 21, -536
-930, -222, -620
-1297, -654, -477
-1561, -1033, -266
-1685, -1153, -252
-1654, -980, -310
-,-,-
-939, -343, 226
-1032, -337, 155
-1177, -391, 161
-1398, -461, 258
-1598, -668, 537
-1658, -778, 755
-1539, -645, 729
-1273, -478, 711
-937, -342, 709
-564, -194, 701
-208, -57, 571
15, 76, 333
15, 76, 333
125, 100, 149
171, 40, 44
137, -51, -58
137, -51, -58
-17, -135, -260
-303, -176, -560
-647, -347, -727
-1027, -571, -634
-1358, -703, -591
-1547, -714, -566
-1607, -673, -499
-,-,-
-1151, -419, 65
-1271, -471, 112
-1398, -682, 334
-1450, -817, 551
-1380, -697, 512
-1172, -541, 534
-893, -410, 615
-656, -230, 670
-463, -60, 680
-300, 64, 607
-189, 104, 497
-189, 104, 497
-106, 87, 346
-37, 19, 223
-52, -50, 33
-155, -28, -264
-366, -41, -500
-366, -41, -500
-673, -242, -616
-1050, -631, -597
-1360, -890, -708
-,-,-
-1079, -396, 168
-1079, -396, 204
-1171, -503, 204
-1282, -651, 286
-1430, -709, 290
-1475, -665, 283
-1368, -588, 379
-1151, -445, 514
-911, -255, 644
-668, -121, 594
-446, 11, 494
-266, 37, 411
-141, 29, 310
-54, 3, 238
-54, 3, 238
-33, -20, 146
-79, 6, -12
-251, 11, -238
-251, 11, -238
-485, -118, -332
-799, -352, -405
-1123, -625, -543
-1354, -799, -800
-1496, -817, -1057
-1494, -758, -951
-1402, -672, -570
-,-,-
-993, -402, 258
-1092, -459, 320
-1205, -507, 258
-1280, -596, 324
-1304, -635, 442
-1273, -605, 536
-1208, -523, 552
-1077, -441, 596
-925, -365, 620
-729, -242, 595
-521, -115, 532
-309, 27, 450
-309, 27, 450
-140, 94, 298
-50, 94, 180
-26, 99, 27
-96, 48, -110
-96, 48, -110
-264, -10, -277
-579, -163, -437
-973, -542, -386
-1292, -895, -282
-1518, -1006, -423
-,-,-
-1110, -405, 268
-1201, -462, 296
-1313, -608, 307
-1345, -738, 383
-1286, -717, 353
-1144, -562, 300
-962, -385, 359
-796, -262, 424
-650, -136, 464
-513, -55, 375
-370, 7, 293
-231, 62, 245
-231, 62, 245
-142, 79, 129
-100, 91, -16
-137, 110, -157
-251, 41, -220
-456, -141, -256
-727, -414, -259
-1009, -605, -388
-1286, -742, -413
-1484, -828, -250
-1638, -879, -121
-,-,-
-1020, -372, 135
-1148, -464, 245
-1270, -546, 197
-1407, -569, 176
-1479, -671, 299
-1440, -761, 452
-1293, -730, 511
-1040, -573, 587
-830, -355, 604
-598, -208, 673
-598, -208, 673
-388, -120, 647
-218, -45, 489
-82, -21, 295
-12, -13, 41
13, -2, -132
13, -2, -132
-66, 19, -295
-256, 7, -397
-545, -65, -407
-882, -337, -383
-1217, -627, -429
-1432, -721, -565
-1535, -644, -645
-,-,-
-1008, -337, 180
-1103, -390, 186
-1203, -409, 183
-1286, -451, 202
-1373, -564, 339
-1384, -620, 423
-1297, -529, 411
-1212, -452, 408
-1071, -409, 535
-888, -315, 586
-689, -206, 572
-508, -95, 476
-321, -35, 429
-176, -7, 358
-73, 31, 222
-73, 31, 222
-45, 55, 47
-72, 81, -87
-188, 109, -230
-479, -31, -324
-479, -31, -324
-866, -353, -391
-1219, -718, -370
-1474, -915, -390
-1599, -927, -458
-,-,-
-1079, -419, 202
-1159, -445, 173
-1345, -618, 225
-1536, -720, 368
-1643, -777, 403
-1593, -725, 501
-1424, -608, 658
-1144, -449, 762
-820, -285, 717
-475, -145, 616
-87, -46, 481
284, 65, 311
284, 65, 311
532, 213, 165
556, 294, -37
391, 227, -130
78, 120, -356
78, 120, -356
-412, -150, -510
-1001, -655, -495
-1454, -961, -537
-1730, -977, -693
-1804, -888, -697
-1735, -833, -412
-,-,-
-959, -483, 201
-1087, -563, 110
-1087, -563, 110
-1291, -599, 78
-1469, -763, 134
-1597, -979, 364
-1657, -1076, 542
-1536, -917, 590
-1217, -659, 753
-867, -435, 886
-459, -171, 803
-91, 42, 656
184, 189, 417
365, 239, 180
423, 172, -16
423, 172, -16
341, 79, -307
79, 10, -666
-290, 101, -941
-709, -68, -916
-1107, -587, -648
-1491, -1130, -444
-,-,-
-1116, -422, 54
-1236, -534, 192
-1358, -701, 355
-1468, -768, 304
-1448, -685, 386
-1314, -504, 611
-1113, -346, 750
-933, -242, 647
-933, -242, 647
-716, -155, 534
-506, -95, 437
-283, -23, 413
-98, 41, 368
62, 59, 152
160, 0, -43
160, 0, -43
78, 38, -146
-165, 60, -254
-501, -76, -306
-924, -557, -258
-924, -557, -258
-1294, -1058, -319
-1600, -1133, -650
-1540, -804, -621
-,-,-
-964, -418, 200
-1040, -458, 178
-1186, -489, 46
-1303, -578, 33
-1430, -721, 124
-1514, -842, 239
-1477, -771, 356
-1329, -589, 519
-1105, -426, 630
-852, -295, 636
-543, -162, 635
-251, -32, 602
-42, 44, 495
89, 75, 333
89, 75, 333
130, 75, 95
70, 80, -253
70, 80, -253
-91, -17, -508
-321, -157, -590
-639, -312, -581
-1002, -548, -592
-1310, -758, -656
-1478, -886, -499
-1554, -994, -261
-,-,-
-948, -347, 273
-1057, -458, 212
-1279, -524, 86
-1562, -585, -124
-1735, -791, 4
-1694, -948, 258
-1472, -854, 423
-1136, -633, 596
-756, -300, 700
-756, -300, 700
-408, -12, 740
-141, 86, 726
38, 44, 604
108, -49, 418
141, -4, 176
141, -4, 176
17, 64, -98
-142, 66, -274
-353, -62, -356
-681, -290, -470
-1050, -650, -588
-1338, -838, -682
-1449, -796, -595
-1448, -693, -383
-1444, -728, -211
-,-,-
-1104, -464, 269
-1263, -562, 294
-1448, -668, 299
-1581, -800, 425
-1550, -787, 569
-1346, -636, 671
-988, -392, 711
-607, -180, 663
-266, -35, 630
-21, 19, 574
-21, 19, 574
137, 118, 433
195, 151, 160
152, 108, -125
-9, 52, -381
-9, 52, -381
-267, -180, -449
-597, -560, -479
-912, -780, -645
-1179, -884, -842
-1378, -874, -828
-1457, -813, -624
-,-,-
-1059, -367, 243
-1218, -545, 382
-1352, -653, 309
-1463, -706, 268
-1456, -789, 348
-1326, -842, 424
-1085, -698, 598
-739, -275, 687
-374, 60, 681
-374, 60, 681
-80, 238, 593
131, 314, 397
251, 243, 234
253, 194, 151
253, 194, 151
103, 236, -55
-159, 72, -387
-572, -360, -653
-1062, -836, -755
-1409, -1018, -846
-1606, -1104, -784
-1638, -1100, -533
-,-,-
-981, -459, 111
-1062, -493, 173
-1167, -503, 66
-1277, -521, -35
-1384, -666, 132
-1428, -721, 458
-1383, -664, 675
-1200, -499, 630
-924, -331, 693
-620, -174, 743
-331, 20, 690
-138, 153, 480
-30, 134, 263
-30, 134, 263
17, 77, 58
-17, -33, -58
-157, -118, -364
-394, -304, -732
-648, -543, -904
-869, -763, -869
-1045, -887, -643
-,-,-
-1157, -527, 245
-1251, -581, 170
-1317, -619, 160
-1316, -740, 398
-1226, -714, 494
-1019, -487, 500
-704, -247, 652
-448, -106, 687
-283, -22, 559
-165, 26, 324
-31, 29, 101
-31, 29, 101
42, -5, 5
-32, 0, -135
-32, 0, -135
-265, -16, -332
-577, -213, -388
-927, -625, -370
-1255, -1101, -295
-1456, -1137, -443
-,-,-
-1121, -326, 157
-1215, -454, 211
-1336, -598, 318
-1400, -659, 263
-1390, -697, 277
-1250, -634, 382
-1038, -531, 608
-794, -344, 799
-568, -149, 667
-347, 22, 578
-243, 119, 442
-243, 119, 442
-144, 79, 306
-45, -6, 180
-16, 0, -78
-100, -36, -353
-100, -36, -353
-317, -120, -507
-649, -349, -566
-1066, -740, -597
-1396, -1025, -712
-1575, -1090, -652
-,-,-
-1303, -513, 98
-1449, -720, 134
-1449, -720, 134
-1500, -865, 180
-1449, -817, 202
-1275, -634, 334
-998, -377, 496
-722, -166, 574
-445, -5, 570
-207, 47, 522
-17, 94, 350
117, 138, 150
117, 138, 150
180, 126, 10
99, -3, -115
-146, -64, -370
-529, -186, -664
-971, -635, -701
-1348, -987, -641
-1582, -1041, -644
-1657, -1004, -532
-1640, -888, -384
-1546, -807, -312
-,-,-
-995, -214, -240
-1025, -256, -158
-1189, -304, -112
-1429, -509, -83
-1629, -763, -108
-1689, -1168, 153
-1560, -1262, 408
-1245, -947, 577
-818, -468, 794
-369, -61, 898
49, 186, 778
329, 208, 558
511, 142, 149
511, 142, 149
542, -20, -263
304, -55, -515
-118, 84, -849
-571, -34, -1148
-998, -450, -1258
-1408, -1026, -1076
-,-,-
-861, -310, 93
-1007, -376, 8
-1007, -376, 8
-1182, -401, -157
-1417, -607, -19
-1645, -998, 258
-1725, -1126, 446
-1543, -974, 706
-1110, -591, 952
-629, -133, 947
-162, 122, 801
196, 193, 553
508, 162, 320
646, -12, -40
553, -43, -353
553, -43, -353
181, 6, -779
-298, -186, -1013
-832, -579, -983
-1360, -981, -949
-,-,-
-1023, -286, 42
-1223, -521, 130
-1473, -758, 165
-1638, -866, 137
-1648, -948, 213
-1487, -879, 435
-1160, -659, 632
-750, -315, 684
-327, -66, 663
72, 91, 628
72, 91, 628
374, 180, 496
589, 177, 219
555, 53, -250
555, 53, -250
226, 28, -761
-277, -209, -1071
-836, -682, -1136
-,-,-
-1157, -471, 155
-1237, -536, 259
-1382, -733, 354
-1442, -820, 329
-1334, -745, 365
-1059, -604, 487
-741, -399, 565
-416, -184, 571
-124, -3, 492
79, 53, 313
79, 53, 313
241, -18, 155
214, -81, -160
-9, -33, -560
-339, -75, -896
-339, -75, -896
-692, -256, -1072
-1073, -604, -1049
-1379, -953, -976
-,-,-
-1167, -414, 156
-1386, -427, -2
-1543, -600, 81
-1609, -841, 365
-1530, -840, 491
-1302, -650, 499
-1302, -650, 499
-956, -428, 621
-563, -230, 628
-171, -96, 612
166, 25, 464
327, 91, 280
403, 66, 157
403, 66, 157
276, 18, -56
-36, -4, -367
-392, -192, -672
-712, -498, -864
-1077, -848, -971
-1417, -996, -958
-,-,-
-1459, -588, 167
-1630, -727, 223
-1694, -820, 213
-1609, -869, 316
-1336, -735, 434
-939, -543, 542
-534, -316, 597
-534, -316, 597
-176, -55, 511
121, 69, 472
266, 104, 425
401, 66, 234
342, 60, -29
342, 60, -29
100, 135, -321
-198, -11, -581
-531, -331, -715
-943, -714, -784
-1363, -1056, -838
-1648, -1168, -763
-,-,-
-1184, -481, 97
-1307, -566, 38
-1385, -677, 197
-1396, -758, 288
-1295, -692, 287
-1144, -599, 401
-914, -505, 683
-658, -324, 687
-365, -93, 430
-365, -93, 430
-80, -7, 253
130, 36, 139
249, 84, 60
258, 8, -25
258, 8, -25
118, 2, -175
-188, -4, -432
-592, -185, -641
-1050, -706, -674
-1443, -1141, -759
-1674, -1240, -863
-,-,-
-1241, -420, 163
-1381, -560, 182
-1477, -699, 169
-1477, -751, 215
-1347, -695, 337
-1105, -640, 536
-808, -447, 472
-475, -258, 362
-143, -138, 361
82, -7, 380
211, 145, 274
211, 145, 274
195, 164, 107
44, 185, -139
-215, 59, -397
-491, -165, -546
-794, -531, -557
-1154, -866, -685
-1428, -1000, -876
-1580, -1042, -778
-,-,-
-1311, -572, 130
-1375, -700, 188
-1363, -735, 229
-1297, -689, 253
-1162, -603, 321
-985, -480, 431
-754, -308, 489
-490, -134, 548
-267, -2, 436
-95, 59, 258
-95, 59, 258
81, 79, 47
143, 8, -69
143, 8, -69
70, 60, -264
-160, 82, -511
-475, -27, -695
-861, -447, -697
-1287, -1064, -692
-1552, -1258, -874
-,-,-
-1307, -587, 137
-1304, -671, 281
-1272, -613, 260
-1197, -540, 266
-1063, -402, 336
-841, -264, 511
-579, -133, 626
-354, -16, 513
-185, 47, 370
-185, 47, 370
-78, 82, 279
17, 11, 249
31, -70, 137
31, -70, 137
-147, -136, -212
-444, -266, -528
-793, -549, -670
-1133, -904, -712
-1381, -974, -941
-1497, -972, -1067
-,-,-
-896, -242, -82
-984, -226, -110
-1132, -399, 74
-1387, -699, 92
-1628, -895, -116
-1779, -1034, -114
-1754, -1116, 111
-1520, -1154, 518
-1112, -841, 726
-625, -403, 797
-171, -77, 861
266, 150, 735
617, 223, 400
752, 287, -56
551, 328, -344
551, 328, -344
93, 250, -525
-414, -138, -773
-835, -717, -1107
-1201, -1263, -1302
-,-,-
-1158, -282, -155
-1307, -431, -199
-1467, -778, 74
-1603, -1038, 328
-1569, -1020, 386
-1325, -811, 612
-946, -506, 784
-640, -268, 849
-331, -95, 708
-27, -62, 535
256, -40, 429
256, -40, 429
402, -4, 217
358, 106, -157
126, 96, -502
-254, -29, -908
-715, -415, -1086
-1185, -992, -936
-1465, -1275, -839
-,-,-
-1167, -537, -10
-1337, -610, -15
-1525, -709, -51
-1640, -897, 8
-1623, -958, 83
-1453, -910, 237
-1181, -721, 455
-856, -456, 609
-515, -186, 577
-169, 55, 620
115, 68, 545
115, 68, 545
333, 114, 440
404, 128, 286
302, 209, -59
302, 209, -59
55, 192, -395
-252, 16, -573
-629, -329, -699
-1036, -877, -815
-1335, -1194, -939
-,-,-
-1124, -522, 90
-1308, -649, 11
-1484, -806, 91
-1560, -905, 187
-1479, -890, 285
-1263, -836, 366
-927, -703, 474
-565, -419, 569
-223, -120, 580
-223, -120, 580
47, 80, 496
195, 174, 358
226, 173, 154
74, 190, -145
-139, 83, -451
-139, 83, -451
-396, -179, -697
-683, -479, -736
-965, -846, -765
-1189, -1080, -885
-,-,-
-1023, -391, -1
-1157, -491, 93
-1355, -715, 177
-1355, -715, 177
-1516, -860, 244
-1554, -895, 367
-1450, -757, 435
-1211, -558, 509
-864, -403, 581
-520, -272, 573
-215, -134, 462
33, 4, 345
205, 104, 216
223, 85, 140
223, 85, 140
58, 178, -127
-227, 62, -478
-593, -303, -737
-979, -799, -873
-1253, -1242, -895
-1357, -1269, -963
-1341, -1100, -874
-,-,-
-1024, -354, -18
-1155, -477, -18
-1362, -656, 20
-1510, -767, 4
-1568, -887, 103
-1489, -890, 357
-1299, -768, 538
-1006, -515, 540
-672, -252, 459
-347, -106, 409
-18, 4, 395
-18, 4, 395
151, 52, 379
259, 71, 182
187, 88, 14
187, 88, 14
-33, 146, -228
-328, 12, -396
-636, -266, -557
-972, -653, -661
-1259, -1022, -770
-1441, -1159, -795
-1464, -1089, -669
-,-,-
-1137, -582, 165
-1283, -603, -39
-1456, -766, 20
-1534, -899, 183
-1480, -906, 275
-1298, -743, 328
-1045, -568, 473
-784, -341, 495
-547, -170, 432
-327, -133, 433
-104, -29, 411
-104, -29, 411
21, 31, 343
86, 93, 194
36, 195, -27
36, 195, -27
-86, 153, -333
-257, -62, -503
-464, -316, -554
-787, -534, -535
-1134, -781, -548
-1393, -978, -543
-1517, -1107, -453
-1501, -1098, -370
-,-,-
-1141, -550, 64
-1323, -696, 112
-1480, -774, 139
-1568, -807, 187
-1527, -807, 325
-1351, -702, 493
-1068, -542, 632
-755, -342, 582
-440, -163, 467
-150, -67, 459
69, 7, 420
242, 61, 274
242, 61, 274
259, 129, 91
61, 197, -118
-223, 172, -383
-512, -62, -639
-791, -570, -695
-1082, -1083, -677
-1278, -1207, -804
-1350, -1124, -791
-,-,-
-1140, -467, 49
-1306, -596, 30
-1432, -825, 189
-1489, -922, 300
-1441, -857, 266
-1441, -857, 266
-1275, -741, 428
-1007, -520, 591
-697, -279, 596
-394, -102, 536
-139, -31, 440
59, 40, 332
161, 58, 121
159, 102, -50
159, 102, -50
-2, 136, -197
-267, 89, -372
-557, -190, -425
-855, -570, -492
-1083, -937, -623
-1218, -1102, -834
-1283, -1119, -940
-1271, -1092, -787
-,-,-
-1196, -529, 104
-1329, -770, 298
-1433, -917, 280
-1424, -906, 142
-1424, -906, 142
-1298, -812, 182
-1106, -624, 350
-897, -429, 539
-666, -187, 549
-400, 13, 442
-116, 156, 406
108, 148, 219
169, 4, 97
169, 4, 97
135, -36, 5
-24, 34, -237
-294, 17, -431
-294, 17, -431
-577, -144, -561
-881, -485, -536
-1170, -910, -616
-1405, -1236, -718
-1500, -1291, -741
-,-,-
-1007, -417, 60
-1069, -485, 38
-1216, -644, 163
-1350, -786, 205
-1393, -815, 179
-1333, -746, 306
-1193, -581, 478
-992, -397, 538
-753, -259, 605
-505, -164, 582
-224, -76, 496
-224, -76, 496
12, 30, 381
111, 68, 258
65, 69, 69
65, 69, 69
-81, 50, -209
-302, -76, -472
-565, -362, -560
-860, -690, -584
-1158, -1003, -703
-1354, -1186, -840
-1410, -1184, -850
-,-,-
-1301, -676, 202
-1393, -742, 186
-1388, -775, 216
-1293, -721, 283
-1111, -612, 448
-898, -481, 541
-898, -481, 466
-679, -290, 466
-486, -179, 476
-327, -92, 485
-181, 2, 380
-116, 13, 188
-88, -32, 28
-88, -32, 28
-161, -64, -182
-302, -94, -394
-429, -191, -533
-570, -381, -593
-784, -581, -642
-1022, -769, -701
-1250, -977, -640
-1378, -1044, -551
-,-,-
-1060, -386, 113
-1206, -485, 127
-1344, -587, 177
-1432, -718, 211
-1448, -787, 260
-1360, -739, 348
-1167, -597, 557
-914, -412, 620
-640, -206, 475
-364, -73, 371
-122, -28, 378
-28, -37, 330
-4, -21, 200
-4, -21, 200
-97, 6, -80
-201, -81, -249
-366, -201, -342
-577, -287, -434
-778, -430, -562
-952, -655, -674
-1131, -919, -653
-1282, -1007, -578
-1355, -985, -459
-1369, -944, -392
-,-,-
-1041, -359, 69
-1148, -390, 101
-1352, -617, 227
-1545, -808, 323
-1649, -896, 357
-1582, -872, 288
-1389, -781, 425
-1108, -603, 642
-782, -295, 706
-504, -88, 651
-233, 75, 593
6, 43, 569
6, 43, 569
174, -1, 461
216, -16, 234
124, -4, -18
124, -4, -18
-59, -61, -266
-309, -235, -364
-615, -422, -518
-936, -777, -669
-1210, -1132, -682
-1361, -1183, -690
-1397, -1098, -604
-1356, -913, -444
-,-,-
-1344, -613, 180
-1471, -737, 266
-1471, -737, 277
-1503, -770, 277
-1451, -751, 369
-1313, -667, 459
-1127, -522, 581
-897, -314, 717
-650, -159, 744
-440, -99, 628
-255, -96, 551
-60, -53, 487
31, -66, 334
22, -81, 104
22, -81, 104
-83, -109, -152
-238, -188, -428
-414, -389, -524
-643, -623, -555
-882, -787, -746
-1086, -968, -816
-1217, -1064, -726
-,-,-
-1010, -396, 195
-1110, -507, 224
-1268, -548, 148
-1406, -632, 103
-1456, -773, 218
-1388, -828, 431
-1237, -718, 566
-1020, -515, 577
-798, -301, 555
-568, -162, 588
-315, -78, 588
-118, -9, 435
44, 43, 156
44, 43, 156
95, 20, -14
-18, 32, -204
-194, 31, -429
-413, -104, -546
-659, -392, -601
-939, -791, -623
-1176, -1040, -685
-1289, -1113, -760
-1314, -1082, -680
-,-,-
-1019, -405, 51
-1172, -554, 100
-1321, -683, 127
-1438, -800, 245
-1451, -829, 481
-1322, -694, 645
-1103, -511, 782
-858, -312, 729
-565, -154, 592
-565, -154, 592
-239, -87, 527
4, -85, 389
151, -46, 145
153, 1, -136
-12, 65, -364
-12, 65, -364
-280, -80, -597
-593, -306, -741
-925, -651, -764
-1213, -1039, -774
-1349, -1183, -802
-,-,-
-1094, -475, -28
-1236, -574, 164
-1418, -659, 203
-1601, -871, 233
-1659, -1059, 338
-1555, -1043, 459
-1319, -824, 611
-983, -501, 764
-622, -288, 723
-240, -149, 570
132, 7, 414
132, 7, 414
396, 133, 254
533, 168, 3
533, 168, 3
449, 231, -225
208, 198, -469
-153, -65, -645
-554, -448, -764
-970, -891, -871
-1336, -1278, -756
-1554, -1341, -725
-,-,-
-1178, -557, 71
-1274, -627, 127
-1389, -702, 168
-1410, -789, 313
-1324, -736, 472
-1141, -587, 577
-890, -337, 534
-614, -160, 521
-363, -156, 546
-149, -147, 451
13, -81, 304
13, -81, 304
142, -20, 70
99, -27, -146
-93, -96, -434
-331, -184, -724
-566, -356, -818
-866, -622, -749
-866, -622, -749
-1150, -916, -650
-,-,-
-1139, -524, 160
-1263, -640, 319
-1341, -665, 284
-1367, -662, 279
-1282, -633, 438
-1101, -556, 577
-841, -431, 579
-561, -251, 478
-561, -251, 478
-313, -117, 459
-104, -23, 405
8, 57, 237
24, 68, 73
24, 68, 73
-67, 45, -184
-264, -78, -417
-491, -303, -605
-701, -586, -791
-930, -867, -900
-1114, -1015, -921
-1227, -1020, -823
-,-,-
-1096, -451, 27
-1233, -556, 132
-1385, -631, 243
-1485, -727, 349
-1488, -820, 483
-1366, -763, 555
-1151, -592, 595
-876, -387, 632
-582, -197, 597
-309, -91, 522
-98, -22, 405
29, 8, 193
29, 8, 193
101, -21, 3
40, -19, -87
-143, 43, -270
-143, 43, -270
-366, 2, -496
-631, -237, -626
-951, -617, -713
-1218, -942, -753
-1387, -1082, -715
-,-,-
-1176, -477, 4
-1301, -640, 73
-1453, -736, 144
-1524, -846, 200
-1476, -882, 309
-1311, -783, 441
-1023, -591, 534
-719, -407, 662
-389, -252, 703
-72, -92, 589
-72, -92, 589
185, 97, 367
249, 217, 30
188, 197, -338
-18, 17, -553
-294, 17, -667
-294, -195, -667
-608, -388, -703
-911, -588, -743
-1195, -896, -707
-1377, -1127, -645
-,-,-
-1008, -371, -106
-1070, -455, 38
-1179, -545, 138
-1284, -575, 124
-1353, -620, 163
-1353, -659, 367
-1257, -616, 582
-1040, -468, 706
-765, -282, 612
-464, -135, 504
-207, -122, 491
2, -82, 350
151, -15, 107
106, 24, -73
106, 24, -73
-123, 4, -317
-418, -179, -520
-724, -491, -749
-1048, -952, -861
-1277, -1177, -865
-1349, -1155, -791
-,-,-
-1007, -372, 21
-1076, -551, 154
-1274, -625, 149
-1452, -756, 150
-1539, -900, 205
-1507, -941, 308
-1361, -814, 494
-1094, -537, 609
-794, -285, 574
-525, -159, 517
-295, -58, 499
-52, -39, 464
-52, -39, 464
68, -4, 240
125, 0, 55
33, 34, -138
33, 34, -138
-180, 31, -404
-444, -124, -643
-737, -399, -776
-1044, -801, -856
-1265, -1037, -936
-1367, -1105, -898
-1373, -1001, -788
-1314, -826, -556
-,-,-
-1105, -430, -4
-1220, -533, 10
-1378, -721, 44
-1488, -910, 287
-1495, -953, 382
-1382, -814, 405
-1158, -630, 499
-800, -394, 556
-411, -192, 568
-108, -69, 491
-108, -69, 491
83, 39, 310
168, 75, 144
84, 185, -67
-152, 195, -270
-152, 195, -270
-420, 5, -449
-721, -403, -510
-1007, -830, -583
-1217, -1003, -746
-1325, -1019, -719
-,-,-
-1061, -435, 14
-1136, -523, 70
-1264, -560, 12
-1407, -740, 47
-1485, -889, 218
-1442, -903, 416
-1281, -718, 512
-1053, -437, 570
-824, -207, 569
-590, -159, 542
-325, -158, 515
-108, -96, 466
64, -27, 282
64, -27, 282
141, 53, 15
96, 135, -203
-73, 167, -415
-73, 167, -415
-342, -2, -502
-688, -337, -499
-1052, -775, -570
-1313, -1138, -688
-1419, -1269, -761
-1409, -1204, -700
-,-,-
-1113, -442, -40
-1225, -535, -58
-1355, -692, 0
-1416, -836, 226
-1396, -838, 494
-1274, -654, 593
-1054, -407, 639
-795, -236, 640
-553, -190, 641
-298, -151, 532
-109, -101, 434
41, -73, 159
73, 10, -105
73, 10, -105
-43, 82, -433
-230, 52, -721
-472, -115, -823
-804, -431, -778
-1098, -770, -690
-1326, -1035, -641
-1420, -1078, -603
-1382, -971, -537
-,-,-
-1205, -550, 76
-1359, -708, 60
-1444, -833, 149
-1458, -874, 268
-1366, -797, 333
-1174, -631, 428
-902, -444, 503
-643, -270, 476
-643, -270, 476
-348, -112, 418
-124, -28, 343
77, 16, 202
154, 43, 43
85, 111, -155
85, 111, -155
-96, 139, -369
-318, 19, -520
-632, -238, -487
-991, -523, -427
-1325, -931, -481
-1535, -1232, -531
-,-,-
-986, -436, 22
-1088, -546, -103
-1273, -616, -30
-1482, -873, 143
-1612, -1043, 325
-1573, -987, 475
-1380, -732, 654
-1031, -419, 763
-638, -154, 773
-203, -28, 757
182, 101, 516
182, 101, 516
453, 131, 226
577, 212, -9
370, 195, -230
-87, 126, -620
-599, -133, -872
-1098, -598, -1052
-1561, -1304, -1061
-1745, -1463, -1099
-,-,-
-1279, -528, 18
-1502, -734, 136
-1689, -1077, 340
-1667, -1107, 480
-1383, -816, 651
-950, -434, 736
-485, -188, 776
-20, 30, 615
-20, 30, 615
369, 209, 423
520, 259, 177
460, 236, -149
152, 178, -490
152, 178, -490
-283, 32, -780
-745, -309, -812
-1202, -800, -847
-1530, -1248, -1001
-,-,-
-990, -413, -55
-1125, -528, -17
-1261, -654, 67
-1438, -894, 225
-1533, -986, 302
-1470, -943, 379
-1213, -715, 506
-873, -452, 582
-510, -252, 545
-147, -91, 471
-147, -91, 471
168, 59, 313
373, 151, 82
372, 205, -262
85, 238, -559
-331, 185, -739
-331, 185, -739
-770, -180, -765
-1259, -893, -660
-,-,-
-1063, -431, 21
-1252, -467, 9
-1495, -733, 73
-1655, -955, 274
-1614, -966, 444
-1377, -813, 623
-1377, -813, 733
-1003, -510, 733
-623, -228, 662
-211, -33, 580
78, 41, 390
216, 44, 180
162, 62, -29
162, 62, -29
-60, 48, -299
-387, -94, -521
-688, -322, -738
-941, -565, -832
-1152, -874, -830
-1287, -999, -805
-,-,-
-1159, -570, 198
-1301, -718, 348
-1404, -830, 452
-1371, -830, 403
-1238, -653, 376
-1000, -511, 422
-726, -395, 443
-431, -214, 317
-156, 38, 210
49, 118, 101
224, 191, 5
224, 191, 5
186, 152, -113
-45, 152, -390
-400, 32, -600
-788, -278, -633
-1200, -891, -451
-1497, -1321, -420
-,-,-
-1455, -848, 276
-1550, -1045, 583
-1492, -1049, 569
-1245, -826, 514
-880, -448, 567
-880, -448, 567
-506, -151, 547
-64, 77, 389
238, 242, 169
399, 197, -180
310, 122, -322
75, 68, -406
75, 68, -406
-236, -55, -458
-607, -255, -415
-971, -552, -390
-1260, -884, -403
-1404, -1072, -527
-,-,-
-1085, -584, 147
-1177, -672, 192
-1232, -733, 238
-1242, -732, 273
-1195, -711, 378
-1056, -583, 511
-886, -449, 544
-886, -449, 544
-706, -269, 426
-503, -173, 340
-283, -114, 259
-53, -34, 129
91, 25, 35
48, 83, -107
48, 83, -107
-129, 111, -294
-411, -65, -527
-732, -400, -677
-1098, -889, -665
-1381, -1233, -704
-1510, -1297, -740
-,-,-
-1292, -747, 277
-1342, -804, 257
-1327, -786, 344
-1206, -704, 503
-1027, -602, 607
-808, -438, 552
-557, -286, 439
-314, -182, 325
-130, -115, 279
0, -50, 147
89, 43, -28
89, 43, -28
3, 136, -245
-231, 114, -500
-539, -149, -624
-859, -562, -602
-1167, -1014, -545
-,-,-
-1188, -502, 185
-1252, -631, 399
-1341, -838, 560
-1274, -877, 515
-1133, -755, 397
-909, -605, 317
-693, -457, 347
-499, -372, 421
-314, -217, 382
-155, -88, 220
-57, 37, 120
-68, 144, 26
-68, 144, 26
-165, 142, -208
-288, 9, -447
-469, -279, -600
-724, -531, -600
-1008, -820, -564
-,-,-
-1064, -514, 192
-1201, -781, 266
-1367, -907, 241
-1458, -995, 232
-1437, -1010, 459
-1281, -851, 695
-1047, -634, 706
-721, -289, 570
-425, -78, 562
-171, 6, 545
-171, 6, 545
57, 125, 347
180, 99, 58
126, 7, -258
126, 7, -258
-80, 41, -502
-313, 45, -687
-574, -171, -792
-932, -645, -636
-1283, -1100, -486
-,-,-
-1375, -890, 488
-1399, -870, 523
-1281, -727, 610
-1281, -727, 719
-1090, -617, 719
-882, -515, 606
-534, -418, 528
-142, -273, 306
49, -120, 105
93, 62, -31
10, 136, -74
-156, 106, -221
-156, 106, -221
-392, -60, -305
-662, -349, -432
-926, -677, -518
-1180, -1021, -519
-,-,-
-1044, -564, 61
-1044, -564, 61
-1087, -647, 161
-1175, -878, 344
-1267, -800, 392
-1249, -624, 542
-1130, -419, 649
-907, -298, 757
-634, -260, 746
-425, -212, 533
-279, -79, 296
-163, 4, 142
-109, -36, -147
-178, -112, -483
-331, -214, -713
-568, -447, -676
-832, -721, -606
-1108, -1013, -537
-,-,-
-902, -482, 192
-1029, -530, 118
-1097, -432, -151
-1167, -558, -7
-1232, -861, 335
-1348, -950, 328
-1391, -898, 258
-1263, -737, 500
-996, -446, 781
-672, -211, 846
-370, -58, 676
-147, -18, 410
-147, -18, 410
32, -29, 211
64, 44, -14
-36, 0, -212
-36, 0, -212
-242, -151, -496
-540, -449, -771
-837, -749, -1060
-1089, -980, -1053
-,-,-
-922, -306, 12
-922, -306, 12
-1121, -472, 54
-1355, -852, 249
-1486, -983, 221
-1448, -1026, 346
-1251, -886, 512
-943, -548, 681
-645, -303, 705
-360, -138, 555
-41, -24, 426
213, 111, 269
225, 276, -17
225, 276, -17
53, 230, -363
-248, -133, -668
-661, -836, -736
-1055, -1367, -894
-,-,-
-998, -434, 22
-1211, -617, 70
-1336, -728, 120
-1414, -849, 146
-1395, -905, 248
-1229, -825, 421
-955, -591, 535
-646, -292, 583
-646, -292, 583
-343, -133, 620
-48, 8, 471
103, 105, 246
138, 87, -11
7, -26, -263
7, -26, -263
-254, -165, -542
-561, -410, -756
-,-,-
-1048, -513, 140
-1234, -614, 81
-1374, -698, -83
-1476, -794, -79
-1475, -924, 270
-1334, -952, 685
-1079, -741, 576
-771, -497, 454
-455, -324, 488
-175, -206, 452
-175, -206, 452
81, -5, 361
184, 167, 149
128, 253, -157
-86, 152, -382
-368, -82, -584
-638, -486, -748
-892, -852, -842
-892, -852, -842
-,-,-
-1098, -729, 199
-1223, -737, 119
-1338, -769, 105
-1401, -833, 310
-1317, -895, 662
-1317, -895, 662
-1152, -767, 694
-914, -551, 457
-631, -353, 375
-340, -168, 386
-57, 16, 396
127, 185, 320
140, 250, -31
6, 219, -337
6, 219, -337
-232, 77, -455
-526, -273, -516
-873, -803, -640
-1120, -1184, -872
-,-,-
-936, -528, 124
-1010, -597, 191
-1166, -666, 115
-1314, -765, -43
-1430, -858, 26
-1422, -939, 279
-1308, -830, 473
-1131, -571, 588
-854, -331, 649
-549, -156, 651
-247, -44, 628
29, 88, 438
29, 88, 438
217, 171, 73
210, 128, -251
1, 44, -396
-283, -31, -547
-283, -31, -547
-578, -337, -627
-854, -825, -763
-1084, -1184, -947
-,-,-
-923, -476, 139
-1093, -588, 99
-1225, -719, 2
-1398, -927, -66
-1492, -1159, 157
-1466, -1141, 487
-1308, -845, 654
-1020, -475, 826
-723, -216, 841
-412, -62, 727
-412, -62, 727
-173, -57, 628
-18, -52, 435
43, -25, 211
-6, 57, -47
-6, 57, -47
-177, 93, -310
-378, 27, -629
-595, -293, -745
-850, -717, -814
-1032, -987, -951
-1121, -1040, -989
-1150, -902, -865
-1122, -726, -520
-1112, -749, -193
-,-,-
-1221, -643, 356
-1365, -760, 258
-1489, -974, 252
-1535, -1230, 421
-1421, -1167, 458
-1185, -848, 555
-880, -458, 709
-535, -99, 763
-238, 93, 722
-238, 93, 722
0, 116, 585
145, 72, 292
208, 129, 4
208, 129, 4
148, 255, -179
-81, 247, -343
-340, -88, -596
-686, -816, -740
-1076, -1382, -833
-1344, -1451, -862
-1433, -1258, -714
-,-,-
-1283, -751, 137
-1361, -944, 195
-1389, -1131, 366
-1349, -1048, 388
-1202, -784, 455
-957, -538, 618
-670, -317, 742
-392, -138, 745
-99, 2, 658
-99, 2, 658
48, 148, 416
172, 190, 244
181, 165, 50
181, 165, 50
41, 146, -43
-163, 159, -212
-418, -51, -409
-782, -616, -519
-1080, -1124, -717
-1257, -1339, -940
-,-,-
-1201, -765, 229
-1299, -832, 299
-1338, -863, 249
-1348, -842, 335
-1255, -811, 424
-1255, -811, 424
-1108, -717, 498
-924, -567, 537
-760, -425, 539
-599, -249, 534
-408, -92, 508
-176, 76, 491
-29, 156, 425
81, 176, 200
81, 176, 200
126, 184, 0
17, 214, -235
-203, 34, -472
-530, -412, -610
-908, -920, -654
-1160, -1224, -727
-1347, -1432, -786
-,-,-
-1036, -503, 103
-1222, -640, -13
-1400, -907, 50
-1574, -1181, 254
-1557, -1219, 428
-1426, -984, 554
-1171, -525, 685
-837, -172, 844
-493, -15, 866
-167, 86, 721
-167, 86, 721
127, 139, 537
303, 253, 233
298, 231, -88
132, 113, -446
-175, -171, -736
-544, -492, -905
-921, -884, -1002
-1205, -1072, -994
-,-,-
-997, -490, 219
-1178, -817, 360
-1387, -987, 295
-1502, -999, 210
-1483, -912, 395
-1290, -730, 594
-976, -516, 693
-615, -295, 615
-242, -113, 467
56, 21, 296
310, 115, -18
310, 115, -18
334, 129, -347
141, 159, -596
-189, 47, -675
-577, -265, -612
-969, -759, -551
-,-,-
-1144, -575, 78
-1258, -768, 114
-1375, -968, 278
-1376, -961, 305
-1376, -961, 305
-1263, -796, 346
-1072, -537, 555
-813, -283, 698
-541, -69, 631
-297, 3, 591
-88, 85, 464
20, 93, 281
20, 93, 281
32, 118, 101
-31, 100, -69
-174, 38, -353
-380, -278, -553
-643, -684, -705
-890, -944, -808
-1085, -1024, -872
-1212, -1030, -822
-,-,-
-1097, -538, 175
-1248, -677, 167
-1367, -821, 249
-1430, -879, 277
-1406, -839, 243
-1297, -744, 346
-1061, -565, 578
-752, -361, 714
-483, -140, 739
-231, -34, 622
3, 56, 416
131, 78, 200
131, 78, 200
161, 38, -67
82, -51, -183
-75, -97, -444
-333, -247, -785
-700, -615, -883
-1082, -1114, -687
-1350, -1308, -656
-,-,-
-1259, -748, 265
-1337, -902, 425
-1337, -902, 425
-1372, -907, 470
-1309, -760, 613
-1133, -518, 706
-874, -277, 735
-566, -135, 734
-274, -75, 656
-61, -11, 475
141, 83, 275
235, 105, 80
235, 105, 80
159, 69, -101
-77, -43, -317
-383, -288, -561
-786, -827, -709
-1124, -1268, -769
-1306, -1415, -765
-,-,-
-1102, -519, 224
-1148, -586, 350
-1193, -693, 438
-1218, -737, 467
-1167, -696, 498
-1004, -561, 713
-786, -348, 793
-550, -136, 685
-293, 2, 455
-33, 80, 327
169, 95, 102
169, 95, 102
195, 66, -180
89, 6, -405
-149, -139, -583
-473, -422, -683
-790, -822, -695
-1069, -1037, -719
-1249, -1093, -614
-,-,-
-1383, -845, 287
-1337, -788, 348
-1206, -644, 371
-981, -449, 424
-755, -256, 356
-579, -149, 331
-405, -54, 470
-283, 25, 674
-161, 92, 523
-161, 92, 523
-78, 107, 236
-53, 110, 3
-126, 70, -177
-272, -139, -378
-501, -489, -512
-775, -897, -618
-1019, -1137, -660
-1202, -1184, -582
-1295, -1197, -511
-,-,-
-1215, -621, 231
-1345, -827, 282
-1431, -923, 213
-1446, -957, 243
-1338, -904, 389
-1102, -688, 538
-797, -398, 590
-797, -398, 590
-492, -113, 451
-211, 67, 364
61, 215, 281
187, 300, 109
198, 209, 23
198, 209, 23
44, 39, -90
-242, -173, -319
-591, -606, -505
-889, -1053, -711
-1097, -1260, -887
-1213, -1247, -928
-,-,-
-979, -423, 19
-1131, -507, 67
-1306, -718, 208
-1436, -877, 202
-1454, -948, 251
-1354, -835, 383
-1180, -624, 539
-920, -373, 654
-615, -151, 694
-349, -32, 625
-77, 77, 512
-77, 77, 512
49, 46, 315
111, -8, 81
111, -8, 81
43, -82, -111
-150, -101, -290
-382, -222, -508
-643, -510, -637
-949, -914, -681
-1184, -1161, -707
-1310, -1150, -715
-,-,-
-1107, -527, 114
-1209, -619, 39
-1331, -783, 51
-1331, -783, 51
-1374, -913, 233
-1315, -909, 489
-1165, -716, 664
-934, -375, 663
-670, -163, 635
-381, -24, 677
-163, -3, 638
-29, 20, 362
86, -26, 73
86, -26, 73
184, -5, -67
113, 67, -212
-102, 37, -470
-102, 37, -470
-410, -244, -748
-800, -817, -871
-,-,-
-1019, -353, -92
-1205, -472, -42
-1378, -730, 18
-1560, -1130, 227
-1681, -1336, 369
-1610, -1235, 439
-1358, -917, 635
-926, -515, 869
-409, -195, 933
86, 56, 883
86, 56, 883
463, 250, 506
612, 314, 65
520, 302, -291
176, 212, -573
176, 212, -573
-292, -174, -711
-835, -868, -897
-,-,-
-1230, -867, 406
-1230, -867, 406
-1301, -1015, 565
-1251, -974, 810
-1057, -716, 817
-699, -390, 718
-303, -234, 477
79, -64, 193
353, 60, -46
424, 235, -292
288, 257, -476
0, 96, -604
0, 96, -604
-382, -190, -651
-774, -624, -596
-1157, -1121, -524
-,-,-
-988, -489, 117
-1002, -558, 219
-1142, -675, 270
-1272, -795, 434
-1351, -857, 538
-1281, -770, 673
-1092, -536, 763
-740, -322, 739
-343, -153, 579
17, -27, 363
17, -27, 363
262, 130, 25
322, 122, -232
167, 121, -354
-173, 21, -485
-559, -331, -676
-958, -1006, -828
-1258, -1350, -978
-,-,-
-1369, -751, 164
-1502, -892, 131
-1480, -923, 325
-1279, -803, 639
-967, -571, 796
-604, -293, 756
-295, -78, 694
0, 33, 547
0, 33, 547
132, 27, 438
181, 32, 187
176, 76, -28
176, 76, -28
64, 57, -212
-141, -30, -561
-451, -435, -723
-851, -961, -730
-1203, -1282, -810
-1413, -1369, -855
-,-,-
-930, -453, 174
-1040, -552, 170
-1232, -706, 182
-1379, -824, 111
-1452, -908, 163
-1447, -904, 381
-1309, -772, 649
-1054, -539, 864
-809, -306, 757
-529, -195, 631
-165, -62, 599
112, 8, 488
112, 8, 488
203, 25, 248
158, 1, -40
-5, -45, -305
-5, -45, -305
-224, -136, -522
-459, -316, -668
-778, -639, -700
-1126, -991, -745
-1381, -1202, -767
-,-,-
-1241, -631, 46
-1349, -794, 8
-1424, -910, 93
-1476, -930, 268
-1432, -834, 497
-1281, -656, 673
-1022, -419, 778
-680, -208, 853
-388, -64, 816
-62, 124, 699
198, 221, 441
198, 221, 441
323, 223, 91
235, 130, -189
-3, -28, -325
-315, -225, -466
-694, -635, -584
-1023, -1006, -703
-1244, -1214, -772
-1355, -1248, -740
-,-,-
-987, -427, -27
-1071, -498, 26
-1191, -662, 22
-1335, -850, 82
-1450, -1003, 261
-1441, -974, 511
-1287, -747, 709
-1037, -437, 864
-678, -198, 908
-343, -54, 878
-46, 64, 618
160, 79, 328
160, 79, 328
298, 118, 34
246, 69, -131
13, 17, -250
13, 17, -250
-314, -239, -559
-703, -808, -802
-1059, -1276, -921
-1255, -1300, -993
-1345, -1161, -791
-,-,-
-1202, -764, 281
-1307, -808, 220
-1430, -867, 253
-1433, -933, 495
-1294, -879, 691
-1294, -879, 691
-1052, -596, 707
-772, -351, 778
-403, -143, 847
-91, 15, 780
181, 90, 383
283, 72, 2
283, 72, 2
217, 73, -268
1, -4, -380
-281, -150, -485
-601, -542, -613
-918, -946, -887
-1138, -1157, -939
-1281, -1115, -744
-,-,-
-1127, -659, 140
-1127, -659, 140
-1244, -828, 193
-1329, -921, 322
-1312, -798, 412
-1236, -613, 656
-1108, -442, 879
-910, -307, 899
-666, -244, 782
-454, -214, 640
-257, -137, 383
-74, -38, 120
139, 34, -129
146, 60, -234
-13, 38, -379
-13, 38, -379
-277, -127, -616
-597, -596, -763
-926, -1054, -875
-1154, -1178, -869
-1302, -1172, -712
-1393, -1060, -539
-,-,-
-845, -465, 134
-917, -469, 151
-1052, -515, 145
-1217, -589, 78
-1403, -783, 132
-1506, -968, 179
-1474, -1005, 302
-1330, -855, 506
-1075, -513, 614
-750, -235, 763
-427, -41, 788
-52, 102, 680
151, 38, 440
151, 38, 440
247, 41, 124
192, -29, -47
2, -84, -126
2, -84, -126
-265, -203, -320
-548, -496, -461
-820, -870, -608
-1085, -1187, -639
-1277, -1281, -682
-,-,-
-1243, -811, 231
-1299, -834, 295
-1308, -802, 352
-1262, -746, 406
-1148, -673, 510
-960, -555, 621
-718, -406, 640
-486, -220, 595
-486, -220, 595
-329, -82, 430
-161, 8, 340
-38, 14, 318
-11, 11, 114
-115, -30, -54
-115, -30, -54
-287, -136, -305
-500, -457, -514
-774, -879, -548
-1014, -1093, -633
-,-,-
-965, -498, 186
-1059, -614, 259
-1153, -709, 276
-1218, -754, 226
-1260, -778, 240
-1241, -780, 325
-1128, -694, 357
-920, -559, 330
-680, -381, 307
-461, -224, 356
-319, -96, 341
-216, 1, 275
-115, 27, 146
-115, 27, 146
-81, 60, -61
-201, 20, -190
-365, -154, -280
-555, -465, -352
-787, -838, -486
-975, -1021, -713
-1091, -1061, -744
-1163, -1034, -589
-,-,-
-1013, -549, 220
-1101, -651, 230
-1225, -671, 160
-1297, -734, 259
-1293, -793, 420
-1169, -645, 490
-975, -429, 594
-731, -226, 658
-466, -141, 649
-218, -28, 604
-33, -23, 380
41, -62, 49
41, -62, 49
-12, -184, -204
-195, -299, -301
-421, -391, -419
-615, -506, -491
-777, -708, -569
-925, -897, -596
-1062, -1000, -571
-1173, -1019, -488
-,-,-
-1029, -553, 33
-1094, -744, 239
-1183, -831, 184
-1216, -850, 170
-1240, -871, 436
-1182, -774, 651
-1029, -507, 724
-822, -262, 752
-584, -76, 732
-380, 6, 711
-219, 19, 585
-219, 19, 585
-99, 21, 367
-53, 27, 102
-149, 5, -93
-149, 5, -93
-330, -216, -239
-561, -666, -397
-813, -1050, -607
-1048, -1174, -724
-1199, -1139, -584
-,-,-
-1106, -609, 302
-1155, -751, 393
-1191, -829, 447
-1140, -780, 563
-1006, -666, 588
-821, -489, 561
-641, -347, 524
-437, -132, 530
-,-,-
-140, 116, 315
-68, 107, 103
-109, 74, -188
-212, -47, -377
-359, -236, -435
-582, -534, -477
-798, -861, -513
-1011, -1053, -535
-,-,-
-1107, -641, 261
-1214, -753, 304
-1261, -817, 349
-1262, -812, 348
-1198, -716, 423
-1061, -555, 614
-872, -362, 704
-680, -171, 612
-510, -100, 505
-368, -66, 404
-368, -66, 404
-169, -22, 287
-42, -4, 122
-34, 28, -75
-138, 71, -236
-284, -28, -277
-478, -347, -261
-738, -719, -372
-976, -966, -566
-976, -966, -566
-1119, -1037, -610
-,-,-
-1203, -632, 79
-1300, -814, 225
-1392, -927, 364
-1372, -845, 471
-1249, -680, 654
-1007, -438, 840
-693, -234, 796
-412, -140, 602
-412, -140, 401
-179, -61, 401
13, 27, 243
116, 95, 106
90, 134, -70
-34, 131, -331
-34, 131, -331
-258, -81, -506
-586, -588, -617
-920, -1054, -762
-,-,-
-1178, -534, 101
-1316, -737, 36
-1484, -1051, 127
-1626, -1222, 354
-1550, -1055, 442
-1249, -790, 592
-809, -537, 717
-373, -273, 777
-150, -41, 684
67, 153, 413
67, 153, 413
165, 187, 235
146, 123, 80
41, 53, 15
41, 53, 15
-127, -3, -27
-356, -119, -252
-619, -420, -524
-914, -885, -683
-1148, -1140, -698
-1319, -1233, -679
-,-,-
-1261, -750, 166
-1261, -750, 162
-1370, -851, 162
-1410, -960, 269
-1328, -939, 458
-1145, -779, 610
-914, -557, 609
-675, -336, 578
-475, -145, 574
-324, -18, 493
-156, 45, 382
-24, 92, 241
53, 104, 52
53, 104, 52
14, 11, -25
-145, -115, -127
-376, -326, -372
-617, -653, -550
-856, -921, -750
-1098, -1137, -691
-1290, -1199, -566
-1424, -1204, -374
-,-,-
-1248, -717, 262
-1349, -861, 233
-1418, -1014, 221
-1397, -1004, 364
-1281, -838, 660
-1115, -583, 805
-864, -272, 787
-578, -77, 748
-340, -43, 635
-177, -58, 492
-39, 8, 317
-39, 8, 317
8, 59, 52
-13, 66, -221
-150, -80, -453
-150, -80, -453
-369, -341, -561
-650, -670, -655
-911, -927, -701
-1115, -1070, -745
-1257, -1169, -652
-,-,-
-1149, -655, 327
-1217, -770, 406
-1256, -812, 467
-1270, -803, 390
-1210, -689, 460
-1074, -546, 660
-892, -428, 760
-662, -255, 660
-448, -123, 573
-279, -26, 490
-102, 77, 387
-102, 77, 387
-65, 63, 226
-62, 42, -9
-157, -68, -210
-304, -166, -374
-516, -397, -432
-750, -720, -506
-962, -995, -603
-,-,-
-875, -411, 245
-1024, -534, 301
-1154, -667, 252
-1282, -768, 132
-1342, -859, 299
-1288, -863, 530
-1104, -709, 722
-847, -486, 744
-562, -266, 623
-562, -266, 623
-306, -85, 427
-112, 53, 307
5, 99, 106
32, 28, -98
32, 28, -98
-25, 0, -292
-255, -24, -371
-559, -240, -468
-862, -707, -597
-1076, -1066, -755
-1183, -1226, -759
-1187, -1142, -673
-1144, -970, -524
-,-,-
-974, -576, 83
-1103, -653, 148
-1103, -653, 116
-1246, -817, 116
-1328, -907, 88
-1366, -1052, 269
-1342, -1103, 528
-1189, -876, 708
-896, -527, 760
-552, -241, 694
-225, -8, 535
35, 177, 312
189, 318, 99
218, 323, -141
218, 323, -141
116, 256, -220
-86, 119, -342
-377, -220, -570
-753, -858, -699
-1107, -1349, -752
-1350, -1456, -642
-,-,-
-958, -552, 318
-1020, -634, 243
-1144, -628, 63
-1243, -731, 132
-1307, -799, 184
-1299, -823, 337
-1237, -780, 465
-1108, -645, 517
-925, -457, 473
-696, -245, 578
-453, -33, 676
-287, 51, 574
-287, 51, 574
-220, 56, 284
-156, 38, 6
-121, -9, -176
-140, -62, -162
-274, -42, -322
-274, -42, -322
-462, -156, -417
-702, -495, -440
-960, -899, -460
-1178, -1189, -450
-1312, -1270, -443
-,-,-
-1076, -650, 281
-1203, -763, 166
-1289, -903, 229
-1290, -944, 262
-1233, -965, 432
-1130, -867, 539
-947, -593, 523
-716, -323, 519
-495, -153, 569
-306, -21, 521
-186, 68, 354
-186, 68, 354
-88, 116, 172
-42, 94, -45
-99, 35, -231
-247, -128, -423
-483, -427, -517
-708, -696, -589
-877, -851, -617
-1008, -952, -611
-1126, -1050, -453
-,-,-
-1183, -704, -17
-1327, -704, -96
-1327, -786, -96
-1470, -945, -78
-1544, -1075, 150
-1495, -1026, 494
-1010, -410, 830
-1010, -410, 830
-623, -117, 929
-196, 66, 789
131, 154, 409
399, 162, -5
509, 121, -370
327, -7, -480
327, -7, -480
-29, -201, -530
-547, -597, -686
-1017, -988, -926
-,-,-
-885, -378, 147
-998, -614, 167
-1225, -731, 105
-1431, -987, 30
-1537, -1230, 79
-1455, -1167, 303
-1190, -798, 587
-804, -387, 777
-427, -88, 760
-427, -88, 760
-23, 149, 613
299, 265, 311
493, 318, -67
397, 128, -224
-1, -177, -402
-547, -719, -669
-1002, -1128, -946
-1298, -1334, -1065
-,-,-
-1061, -566, 123
-1131, -652, 172
-1259, -773, 257
-1322, -879, 355
-1261, -828, 420
-1050, -624, 529
-755, -357, 549
-456, -122, 514
-201, 60, 419
-24, 140, 273
-24, 140, 273
79, 173, 77
90, 182, -97
-38, 84, -227
-38, 84, -227
-326, -211, -420
-705, -755, -664
-1006, -1170, -896
-,-,-
-1163, -645, 141
-1235, -882, 219
-1288, -908, 196
-1301, -879, 298
-1182, -738, 524
-987, -550, 680
-760, -353, 661
-506, -147, 576
-244, 5, 488
33, 139, 338
33, 139, 338
221, 233, 70
224, 211, -155
34, 45, -403
-331, -332, -602
-760, -941, -635
-760, -941, -635
-1077, -1316, -774
-,-,-
-1144, -631, 13
-1251, -723, 10
-1342, -801, 171
-1339, -845, 417
-1235, -749, 576
-1060, -533, 787
-861, -302, 899
-861, -302, 899
-653, -149, 934
-407, -86, 896
-135, -60, 777
38, 14, 511
138, 122, 140
64, 152, -176
64, 152, -176
-129, -95, -325
-409, -474, -503
-694, -818, -767
-917, -987, -991
-1072, -980, -989
-1157, -896, -762
-1225, -827, -594
-,-,-
-962, -537, 203
-1161, -670, 102
-1342, -943, 239
-1444, -1077, 379
-1379, -995, 456
-1153, -724, 543
-850, -422, 611
-582, -216, 606
-280, -6, 551
-280, -6, 551
-15, 127, 423
120, 188, 114
133, 184, -179
6, 115, -386
6, 115, -386
-237, 45, -557
-525, -326, -671
-839, -867, -775
-1082, -1167, -837
-1234, -1156, -640
-,-,-
-960, -501, 220
-1100, -513, 97
-1200, -612, 116
-1283, -803, 236
-1335, -890, 242
-1327, -907, 315
-1205, -772, 480
-937, -523, 683
-937, -523, 683
-631, -231, 697
-377, -29, 520
-99, 58, 411
73, 49, 249
185, 96, 53
185, 96, 53
181, 16, 14
-2, -81, -84
-356, -238, -390
-356, -238, -390
-758, -631, -608
-1105, -1134, -673
-,-,-
-1184, -545, 244
-1379, -715, 237
-1500, -971, 348
-1500, -971, 348
-1436, -1105, 493
-888, -630, 575
-888, -630, 575
-613, -439, 686
-321, -283, 870
-115, -163, 813
0, 41, 363
29, 157, -55
-43, 163, -313
-43, 163, -313
-206, 38, -442
-443, -306, -533
-739, -714, -572
-993, -953, -647
-1164, -990, -768
-1196, -965, -685
-1168, -905, -541
-,-,-
-950, -434, 225
-1101, -714, 346
-1225, -892, 436
-1285, -855, 343
-1240, -786, 437
-1087, -602, 613
-880, -431, 766
-649, -291, 608
-401, -182, 364
-146, -49, 245
62, 108, 113
175, 155, -92
175, 155, -92
78, 116, -352
-220, -108, -403
-598, -473, -434
-972, -942, -431
-1245, -1204, -610
-,-,-
-1030, -505, 337
-1094, -529, 218
-1220, -644, 193
-1270, -871, 451
-1308, -1001, 404
-1263, -893, 376
-1087, -668, 620
-829, -351, 747
-577, -167, 720
-331, -48, 527
-119, 60, 411
-55, 91, 263
-55, 91, 263
-32, 141, -15
-87, 64, -149
-234, -133, -277
-463, -474, -434
-729, -821, -575
-946, -978, -671
-1127, -1044, -707
-1230, -985, -625
-1274, -956, -478
-,-,-
-962, -450, 367
-1053, -541, 324
-1172, -698, 268
-1266, -857, 378
-1266, -857, 503
-1273, -924, 503
-1180, -769, 501
-1014, -525, 540
-807, -255, 579
-595, -132, 507
-377, 21, 378
-212, 86, 190
-93, 135, 46
-79, 143, -76
-79, 143, -76
-173, 71, -62
-366, -110, -146
-623, -482, -240
-839, -688, -438
-1002, -756, -494
-1109, -825, -405
-,-,-
-1215, -816, 368
-1220, -821, 383
-1131, -809, 595
-988, -648, 674
-822, -411, 667
-652, -207, 628
-652, -207, 628
-458, 2, 598
-281, 73, 523
-197, -18, 401
-176, -10, 124
-202, 45, -78
-261, 17, -176
-261, 17, -176
-374, -216, -141
-554, -423, -178
-785, -568, -327
-982, -776, -413
-1111, -929, -394
-1179, -986, -315
-,-,-
-977, -506, 342
-1051, -659, 325
-1156, -813, 382
-1241, -898, 404
-1269, -901, 458
-1229, -865, 566
-1052, -623, 596
-802, -337, 593
-550, -89, 475
-327, 89, 286
-139, 203, 103
-139, 203, 103
26, 222, -61
91, 231, -150
-8, 160, -303
-248, -64, -367
-581, -582, -286
-866, -975, -302
-1096, -1171, -400
-1288, -1108, -435
-1414, -967, -263
-,-,-
-1080, -410, 132
-1156, -639, 274
-1273, -905, 544
-1362, -968, 472
-1384, -964, 472
-1269, -810, 719
-1080, -535, 931
-845, -289, 906
-603, -144, 750
-383, -88, 621
-214, -70, 524
-214, -70, 524
-110, -1, 324
-79, 47, 81
-131, 116, -207
-227, 123, -302
-400, -136, -136
-640, -504, -108
-924, -791, -342
-1171, -977, -521
-,-,-
-776, -353, 304
-807, -489, 297
-857, -567, 387
-961, -633, 368
-1047, -611, 281
-1115, -640, 327
-1159, -723, 489
-1122, -700, 596
-1008, -593, 615
-834, -391, 530
-656, -253, 488
-462, -101, 371
-234, 122, 197
-56, 232, 19
-56, 232, 19
10, 160, -37
-95, -70, -102
-350, -387, -260
-648, -668, -378
-897, -787, -442
-1077, -790, -448
-,-,-
-1109, -615, 443
-1154, -635, 428
-1238, -679, 439
-1283, -734, 511
-1249, -755, 537
-1090, -587, 604
-857, -397, 699
-614, -198, 671
-405, -79, 562
-210, 80, 371
-70, 108, 193
-20, 68, 38
-20, 68, 38
-28, 28, -42
-155, -9, -193
-357, -145, -279
-611, -416, -304
-900, -763, -346
-1118, -927, -487
-1245, -1036, -565
-,-,-
-1314, -820, 85
-1406, -871, 182
-1447, -851, 405
-1447, -851, 405
-1365, -870, 588
-1175, -681, 561
-989, -468, 543
-769, -182, 629
-531, -2, 638
-329, 32, 483
-190, 53, 301
-113, 130, 269
-94, 182, 157
-94, 182, 157
-120, 94, 27
-171, -100, -190
-290, -337, -333
-493, -453, -381
-752, -570, -413
-991, -716, -548
-1182, -897, -621
-,-,-
-1235, -698, 375
-1316, -721, 224
-1376, -693, 149
-1353, -729, 254
-1267, -712, 452
-1113, -557, 532
-895, -367, 542
-673, -161, 518
-492, -72, 485
-277, -16, 489
-277, -16, 489
-59, 91, 491
3, -30, 402
2, -9, 129
2, -9, 129
-59, 24, -142
-121, -96, -267
-276, -333, -321
-557, -584, -488
-853, -866, -638
-1092, -1058, -664
-1270, -1160, -563
-,-,-
-1092, -582, 143
-1135, -706, 177
-1181, -798, 296
-1177, -734, 271
-1136, -599, 347
-1045, -482, 632
-925, -329, 763
-766, -217, 780
-596, -133, 673
-447, -136, 499
-293, -135, 369
-203, -141, 277
-161, -83, 41
-161, -83, 41
-184, -86, -159
-262, -141, -253
-424, -356, -235
-652, -546, -358
-888, -750, -454
-1080, -911, -485
-,-,-
-892, -480, 326
-959, -575, 333
-1064, -671, 244
-1130, -750, 252
-1130, -750, 252
-1175, -845, 270
-1214, -882, 284
-1209, -744, 262
-1125, -554, 368
-1001, -409, 495
-841, -245, 567
-685, -116, 570
-558, -18, 514
-460, 4, 409
-384, -49, 236
-329, -112, 61
-318, -163, -43
-366, -268, -105
-366, -268, -105
-458, -386, -192
-589, -515, -323
-742, -658, -425
-898, -781, -461
-1038, -874, -453
-,-,-
-1098, -706, 275
-1193, -809, 246
-1282, -896, 387
-1267, -879, 613
-1190, -750, 696
-1044, -485, 664
-883, -345, 618
-684, -220, 493
-462, -126, 418
-258, -67, 356
-172, -54, 263
-145, -48, 114
-145, -48, 114
-172, -5, -43
-273, 24, -171
-447, -155, -274
-683, -468, -299
-919, -784, -350
-1102, -1015, -436
-1211, -1130, -419
-,-,-
-758, -277, 298
-801, -375, 359
-914, -517, 391
-1016, -568, 410
-1118, -600, 419
-1189, -685, 571
-1180, -662, 770
-1092, -592, 839
-929, -485, 743
-687, -365, 641
-470, -254, 520
-270, -203, 325
-151, -134, 134
-118, -63, -61
-175, -43, -158
-322, -47, -267
-322, -47, -267
-462, -145, -372
-587, -386, -439
-713, -613, -447
-854, -698, -427
-1022, -815, -332
-,-,-
-1005, -676, 341
-1024, -718, 345
-1111, -659, 275
-1162, -694, 298
-1155, -739, 360
-1074, -750, 468
-925, -597, 479
-786, -415, 485
-653, -272, 519
-510, -137, 485
-392, -90, 365
-323, -53, 228
-288, -81, 185
-288, -81, 185
-285, -105, -41
-313, -159, -192
-359, -181, -247
-438, -222, -284
-556, -340, -284
-722, -511, -319
-876, -753, -318
-994, -951, -299
-1104, -1041, -328
-,-,-
-1006, -504, 164
-1086, -668, 311
-1185, -803, 309
-1217, -808, 266
-1188, -764, 433
-1106, -671, 712
-972, -465, 849
-790, -271, 831
-585, -132, 710
-366, -53, 591
-366, -53, 591
-200, -31, 491
-95, -52, 344
-101, -88, 139
-174, -43, -143
-336, -102, -318
-561, -333, -396
-790, -631, -510
